1465121771770 335.691681 227.227356
1465121771820 334.494629 227.254868
1465121771881 333.813538 227.568665
1465121771911 333.732605 227.073654
1465121771941 333.536530 227.309723
1465121771981 332.771149 227.016708
1465121772001 332.894958 227.481628
1465121772041 332.962311 227.631683
1465121772071 333.203583 227.223526
1465121772112 333.223267 227.185852
1465121772172 333.194031 227.192688
1465121772262 333.169250 227.420105
1465121772282 333.165619 227.523895
1465121772318 333.262909 227.202728
1465121772350 333.381775 227.152451
1465121772379 334.079285 227.183105
1465121772412 335.342346 226.856827
1465121772442 337.497192 227.032318
1465121772482 339.768982 230.558533
1465121772512 345.693726 233.705612
1465121772552 366.389893 231.889572
1465121772624 394.886139 227.654617
1465121772684 426.115723 215.094925
1465121772724 440.903381 208.227615
