1465121771770 254.576340 211.509720
1465121771820 254.491821 211.586273
1465121771881 254.939301 211.465607
1465121771911 252.500168 209.921387
1465121771941 253.011185 210.427261
1465121771981 256.282532 211.961136
1465121772001 252.626923 209.867676
1465121772041 252.879791 209.941315
1465121772071 252.880066 209.924820
1465121772112 256.853516 211.989441
1465121772172 250.213593 208.496094
1465121772262 250.395569 208.649277
1465121772282 250.317535 208.890564
1465121772318 253.684372 210.786682
1465121772350 253.021835 211.120377
1465121772379 252.133865 211.732803
1465121772412 251.099182 212.502945
1465121772442 248.539886 213.531876
1465121772482 244.203461 214.682022
1465121772512 238.916290 215.675934
1465121772552 217.095871 211.769913
1465121772624 199.405396 207.601639
1465121772684 171.746048 200.178146
1465121772724 153.989136 193.768280
