1465121693955
1465121694015
1465121694035
1465121694065
1465121694105
1465121694125
1465121694178
1465121694199
1465121694229
1465121694270
1465121694303
1465121694351
1465121694413
1465121694483
1465121694503
1465121694533
1465121694563
1465121694613
1465121694632
1465121694662
1465121694692
1465121694752
1465121694792
1465121694882
1465121694912
1465121694932
1465121694962
1465121694995
1465121695025
1465121695055
1465121695095
1465121695125
1465121695205
1465121695275
1465121695305
1465121695325
1465121695365
1465121695395
1465121695428
1465121695458
1465121695488
1465121695528
1465121695558
1465121695628
1465121695708
1465121695748
1465121695768
1465121695798
1465121695828
1465121695858
1465121695888
1465121695928
1465121695958
1465121695989
1465121696049
1465121696139
1465121696179
1465121696209
1465121696229
1465121696259
1465121696289
1465121696329
1465121696359
1465121696409
1465121696439
1465121696509
1465121696579
1465121696619
1465121696639
1465121696669
1465121696699
1465121696739
1465121696769
1465121696809
1465121696839
1465121696869
1465121696929
1465121697017
1465121697037
1465121697077
1465121697097
1465121697147
1465121697177
1465121697207
1465121697247
1465121697277
1465121697307
1465121697377
1465121697459
1465121697489
1465121697509
1465121697549
1465121697586
1465121697601
1465121697641
1465121697671
1465121697701
1465121697742
1465121697772
1465121697832
1465121697892
1465121697942
1465121697992
1465121698018
1465121698044
1465121698074
1465121698104
1465121698144
1465121698174
1465121698204
1465121698244
1465121698284
1465121698354
1465121698394
1465121698425
1465121698456
1465121698476
1465121698506
1465121698536
1465121698576
1465121698606
1465121698646
1465121698676
1465121698706
1465121698766
1465121698836
1465121698896
1465121698916
1465121698946
1465121698976
1465121699006
1465121699036
1465121699066
1465121699106
1465121699146
1465121699186
1465121699256
1465121699316
1465121699346
1465121699386
1465121699420
1465121699440
1465121699470
1465121699500
1465121699540
1465121699570
1465121699610
1465121699660
1465121699720
1465121699790
1465121699820
1465121699840
1465121699870
1465121699910
1465121699950
1465121699979
1465121700002
1465121700042
1465121700072
1465121700112
1465121700182
1465121700254
1465121700274
1465121700314
1465121700344
1465121700384
1465121700404
1465121700444
1465121700474
1465121700504
1465121700544
1465121700614
1465121700674
1465121700674
1465121700704
1465121700744
1465121700774
1465121700804
1465121700834
1465121700874
1465121700914
1465121700974
1465121701044
1465121701084
1465121701114
1465121701144
1465121701184
1465121701204
1465121701235
1465121701275
1465121701305
1465121701335
1465121701375
1465121701449
1465121701529
1465121701549
1465121701569
1465121701609
1465121701639
1465121701689
1465121701719
1465121701739
1465121701779
1465121701829
1465121701899
1465121701939
1465121701989
1465121702009
1465121702039
1465121702079
1465121702109
1465121702149
1465121702189
1465121702219
1465121702239
1465121702329
1465121702399
1465121702429
1465121702449
1465121702479
1465121702499
1465121702539
1465121702569
1465121702609
1465121702639
1465121702679
1465121702729
1465121702809
1465121702849
1465121702889
1465121702909
1465121702939
1465121702979
1465121703009
1465121703039
1465121703069
1465121703119
1465121703139
1465121703199
1465121703269
1465121703339
1465121703359
1465121703379
1465121703416
1465121703449
1465121703479
1465121703519
1465121703549
1465121703569
1465121703609
1465121703639
1465121703679
1465121703739
1465121703819
1465121703849
1465121703869
1465121703909
1465121703939
1465121703969
1465121704009
1465121704039
1465121704089
1465121704119
1465121704208
1465121704248
1465121704278
1465121704308
1465121704338
1465121704414
1465121704440
1465121704490
1465121704514
1465121704562
1465121704632
1465121704712
1465121704712
1465121704743
1465121704783
1465121704813
1465121704845
1465121704875
1465121704905
1465121704945
1465121704995
1465121705085
1465121705125
1465121705155
1465121705175
1465121705215
1465121705245
1465121705275
1465121705315
1465121705345
1465121705375
1465121705418
1465121705495
1465121705535
1465121705605
1465121705615
1465121705645
1465121705675
1465121705715
1465121705745
1465121705775
1465121705815
1465121705845
1465121705925
1465121705985
1465121706025
1465121706045
1465121706075
1465121706115
1465121706145
1465121706185
1465121706225
1465121706245
1465121706305
1465121706395
1465121706435
1465121706455
1465121706475
1465121706516
1465121706556
1465121706576
1465121706606
1465121706646
1465121706686
1465121706726
1465121706776
1465121706856
1465121706896
1465121706926
1465121706946
1465121706986
1465121707026
1465121707046
1465121707086
1465121707116
1465121707146
1465121707176
1465121707236
1465121707316
1465121707356
1465121707386
1465121707418
1465121707451
1465121707481
1465121707531
1465121707583
1465121707613
1465121707653
1465121707693
1465121707793
1465121707823
1465121707853
1465121707893
1465121707923
1465121707943
1465121707993
1465121708023
1465121708043
1465121708083
1465121708143
1465121708183
1465121708244
1465121708284
1465121708314
1465121708344
1465121708384
1465121708414
1465121708444
1465121708494
1465121708524
1465121708584
1465121708664
1465121708704
1465121708724
1465121708754
1465121708784
1465121708814
1465121708844
1465121708884
1465121708914
1465121708954
1465121708984
1465121709024
1465121709064
1465121709144
1465121709194
1465121709214
1465121709254
1465121709294
1465121709324
1465121709354
1465121709384
1465121709420
1465121709460
1465121709500
1465121709560
1465121709620
1465121709650
1465121709690
1465121709710
1465121709750
1465121709800
1465121709820
1465121709860
1465121709890
1465121709980
1465121710030
1465121710060
1465121710090
1465121710110
1465121710150
1465121710180
1465121710210
1465121710260
1465121710280
1465121710340
1465121710410
1465121710470
1465121710490
1465121710530
1465121710550
1465121710580
1465121710620
1465121710650
1465121710690
1465121710730
1465121710760
1465121710820
1465121710892
1465121710942
1465121710952
1465121710982
1465121711032
1465121711082
1465121711112
1465121711152
1465121711192
1465121711232
1465121711312
1465121711374
1465121711399
1465121711421
1465121711451
1465121711481
1465121711521
1465121711551
1465121711581
1465121711621
1465121711681
1465121711731
1465121711782
1465121711832
1465121711852
1465121711892
1465121711922
1465121711952
1465121711982
1465121712022
1465121712062
1465121712092
1465121712182
1465121712232
1465121712272
1465121712292
1465121712322
1465121712362
1465121712382
1465121712426
1465121712456
1465121712486
1465121712516
1465121712566
1465121712636
1465121712696
1465121712726
1465121712756
1465121712796
1465121712826
1465121712856
1465121712896
1465121712926
1465121712956
1465121712996
1465121713056
1465121713106
1465121713176
1465121713196
1465121713216
1465121713256
1465121713286
1465121713326
1465121713366
1465121713386
1465121713423
1465121713484
1465121713554
1465121713594
1465121713624
1465121713654
1465121713684
1465121713724
1465121713754
1465121713794
1465121713824
1465121713874
1465121713944
1465121713994
1465121714034
1465121714054
1465121714094
1465121714134
1465121714164
1465121714194
1465121714224
1465121714254
1465121714284
1465121714324
1465121714364
1465121714434
1465121714484
1465121714494
1465121714534
1465121714554
1465121714594
1465121714624
1465121714654
1465121714694
1465121714724
1465121714784
1465121714844
1465121714914
1465121714934
1465121714954
1465121714994
1465121715024
1465121715054
1465121715084
1465121715144
1465121715204
1465121715246
1465121715296
1465121715346
1465121715411
1465121715455
1465121715476
1465121715495
1465121715526
1465121715556
1465121715596
1465121715626
1465121715656
1465121715686
1465121715726
1465121715756
1465121715826
1465121715906
1465121715916
1465121715968
1465121715991
1465121716021
1465121716061
1465121716091
1465121716131
1465121716151
1465121716221
1465121716291
1465121716341
1465121716371
1465121716391
1465121716421
1465121716451
1465121716491
1465121716521
1465121716561
1465121716591
1465121716651
1465121716721
1465121716771
1465121716801
1465121716821
1465121716861
1465121716901
1465121716921
1465121716961
1465121716991
1465121717031
1465121717061
1465121717141
1465121717201
1465121717231
1465121717271
1465121717291
1465121717332
1465121717383
1465121717437
1465121717464
1465121717486
1465121717526
1465121717586
1465121717646
1465121717706
1465121717736
1465121717766
1465121717796
1465121717826
1465121717856
1465121717896
1465121717936
1465121717966
1465121718016
1465121718086
1465121718146
1465121718176
1465121718196
1465121718226
1465121718256
1465121718286
1465121718326
1465121718356
1465121718400
1465121718434
1465121718524
1465121718574
1465121718604
1465121718624
1465121718674
1465121718724
1465121718755
1465121718785
1465121718825
1465121718865
1465121718945
1465121719005
1465121719035
1465121719065
1465121719095
1465121719125
1465121719165
1465121719195
1465121719225
1465121719265
1465121719295
1465121719375
1465121719444
1465121719468
1465121719499
1465121719529
1465121719559
1465121719599
1465121719629
1465121719659
1465121719689
1465121719729
1465121719779
1465121719849
1465121719909
1465121719939
1465121719959
1465121719999
1465121720029
1465121720059
1465121720089
1465121720129
1465121720169
1465121720209
1465121720269
1465121720339
1465121720379
1465121720409
1465121720439
1465121720459
1465121720489
1465121720529
1465121720559
1465121720589
1465121720629
1465121720669
1465121720739
1465121720819
1465121720839
1465121720869
1465121720889
1465121720939
1465121720966
1465121720991
1465121721031
1465121721081
1465121721101
1465121721123
1465121721193
1465121721296
1465121721326
1465121721356
1465121721396
1465121721436
1465121721471
1465121721501
1465121721541
1465121721613
1465121721683
1465121721713
1465121721743
1465121721772
1465121721795
1465121721835
1465121721865
1465121721895
1465121721925
1465121721965
1465121722005
1465121722135
1465121722215
1465121722256
1465121722266
1465121722296
1465121722326
1465121722366
1465121722396
1465121722436
1465121722503
1465121722536
1465121722586
1465121722676
1465121722706
1465121722726
1465121722766
1465121722796
1465121722826
1465121722866
1465121722906
1465121722936
1465121722976
1465121723046
1465121723116
1465121723136
1465121723156
1465121723196
1465121723236
1465121723266
1465121723296
1465121723326
1465121723356
1465121723416
1465121723496
1465121723546
1465121723556
1465121723596
1465121723626
1465121723666
1465121723706
1465121723736
1465121723766
1465121723816
1465121723886
1465121723936
1465121723956
1465121724008
1465121724038
1465121724068
1465121724108
1465121724138
1465121724168
1465121724208
1465121724248
1465121724298
1465121724378
1465121724418
1465121724428
1465121724478
1465121724498
1465121724528
1465121724578
1465121724598
1465121724628
1465121724668
1465121724748
1465121724800
1465121724850
1465121724860
1465121724875
1465121724902
1465121724932
1465121724972
1465121725002
1465121725032
1465121725062
1465121725112
1465121725162
1465121725232
1465121725272
1465121725302
1465121725342
1465121725362
1465121725413
1465121725448
1465121725479
1465121725499
1465121725559
1465121725599
1465121725649
1465121725699
1465121725699
1465121725749
1465121725809
1465121725839
1465121725869
1465121725899
1465121725949
1465121725969
1465121726049
1465121726109
1465121726139
1465121726179
1465121726199
1465121726249
1465121726299
1465121726339
1465121726369
1465121726399
1465121726459
1465121726529
1465121726579
1465121726609
1465121726639
1465121726669
1465121726709
1465121726749
1465121726769
1465121726799
1465121726839
1465121726909
1465121726939
1465121727009
1465121727029
1465121727061
1465121727109
1465121727149
1465121727200
1465121727250
1465121727300
1465121727330
1465121727370
1465121727400
1465121727496
1465121727556
1465121727576
1465121727606
1465121727636
1465121727666
1465121727706
1465121727746
1465121727782
1465121727808
1465121727848
1465121727878
1465121727928
1465121727948
1465121727998
1465121728008
1465121728038
1465121728068
1465121728098
1465121728138
1465121728168
1465121728198
1465121728258
1465121728278
1465121728371
1465121728401
1465121728461
1465121728481
1465121728521
1465121728571
1465121728601
1465121728641
1465121728675
1465121728703
1465121728733
1465121728793
1465121728845
1465121728915
1465121728945
1465121728975
1465121729015
1465121729035
1465121729065
1465121729105
1465121729135
1465121729175
1465121729205
1465121729266
1465121729336
1465121729376
1465121729406
1465121729436
1465121729475
1465121729507
1465121729547
1465121729578
1465121729609
1465121729649
1465121729679
1465121729709
1465121729761
1465121729841
1465121729871
1465121729890
1465121729943
1465121729976
1465121730016
1465121730096
1465121730148
1465121730178
1465121730208
1465121730238
1465121730298
1465121730378
1465121730408
1465121730488
1465121730508
1465121730548
1465121730578
1465121730608
1465121730648
1465121730678
1465121730708
1465121730744
1465121730784
1465121730844
1465121730894
1465121730934
1465121730974
1465121731005
1465121731045
1465121731075
1465121731105
1465121731145
1465121731215
1465121731255
1465121731278
1465121731347
1465121731367
1465121731417
1465121731446
1465121731476
1465121731506
1465121731546
1465121731576
1465121731606
1465121731676
1465121731736
1465121731786
1465121731816
1465121731851
1465121731905
1465121731946
1465121731976
1465121732006
1465121732046
1465121732106
1465121732148
1465121732188
1465121732248
1465121732290
1465121732332
1465121732362
1465121732413
1465121732443
1465121732500
1465121732555
1465121732598
1465121732642
1465121732687
1465121732717
1465121732780
1465121732850
1465121732900
1465121732910
1465121732940
1465121732980
1465121733000
1465121733050
1465121733070
1465121733110
1465121733140
1465121733220
1465121733270
1465121733320
1465121733360
1465121733370
1465121733410
1465121733453
1465121733476
1465121733506
1465121733536
1465121733576
1465121733606
1465121733666
1465121733746
1465121733776
1465121733816
1465121733846
1465121733876
1465121733916
1465121733946
1465121733976
1465121734016
1465121734066
1465121734126
1465121734176
1465121734226
1465121734298
1465121734337
1465121734380
1465121734410
1465121734440
1465121734470
1465121734510
1465121734560
1465121734610
1465121734680
1465121734720
1465121734740
1465121734770
1465121734820
1465121734870
1465121734922
1465121734942
1465121734982
1465121735032
1465121735142
1465121735152
1465121735192
1465121735212
1465121735242
1465121735282
1465121735322
1465121735352
1465121735382
1465121735422
1465121735452
1465121735492
1465121735544
1465121735594
1465121735634
1465121735674
1465121735694
1465121735714
1465121735744
1465121735784
1465121735824
1465121735849
1465121735886
1465121735916
1465121735946
1465121735976
1465121736056
1465121736116
1465121736136
1465121736146
1465121736176
1465121736216
1465121736246
1465121736276
1465121736306
1465121736366
1465121736416
1465121736446
1465121736486
1465121736566
1465121736626
1465121736656
1465121736686
1465121736706
1465121736756
1465121736786
1465121736806
1465121736846
1465121736886
1465121736916
1465121736976
1465121737056
1465121737101
1465121737107
1465121737158
1465121737188
1465121737218
1465121737248
1465121737278
1465121737318
1465121737358
1465121737398
1465121737418
1465121737478
1465121737548
1465121737588
1465121737608
1465121737648
1465121737678
1465121737718
1465121737748
1465121737798
1465121737818
1465121737888
1465121737948
1465121738018
1465121738048
1465121738078
1465121738118
1465121738148
1465121738178
1465121738208
1465121738248
1465121738278
1465121738348
1465121738428
1465121738458
1465121738488
1465121738518
1465121738548
1465121738578
1465121738648
1465121738678
1465121738718
1465121738748
1465121738778
1465121738828
1465121738890
1465121738960
1465121738980
1465121739020
1465121739050
1465121739090
1465121739120
1465121739150
1465121739190
1465121739220
1465121739240
1465121739280
1465121739310
1465121739350
1465121739401
1465121739491
1465121739511
1465121739541
1465121739581
1465121739621
1465121739651
1465121739695
1465121739723
1465121739773
1465121739843
1465121739903
1465121739923
1465121739953
1465121740003
1465121740053
1465121740083
1465121740123
1465121740153
1465121740203
1465121740283
1465121740343
1465121740363
1465121740383
1465121740424
1465121740457
1465121740487
1465121740517
1465121740557
1465121740644
1465121740712
1465121740759
1465121740789
1465121740819
1465121740859
1465121740929
1465121740979
1465121741029
1465121741059
1465121741089
1465121741119
1465121741159
1465121741179
1465121741219
1465121741259
1465121741289
1465121741329
1465121741379
1465121741460
1465121741480
1465121741540
1465121741550
1465121741580
1465121741620
1465121741650
1465121741690
1465121741740
1465121741782
1465121741822
1465121741852
1465121741922
1465121742012
1465121742032
1465121742062
1465121742082
1465121742122
1465121742152
1465121742182
1465121742222
1465121742252
1465121742292
1465121742322
1465121742382
1465121742432
1465121742461
1465121742494
1465121742534
1465121742563
1465121742606
1465121742686
1465121742728
1465121742758
1465121742788
1465121742818
1465121742858
1465121742898
1465121742948
1465121742998
1465121743038
1465121743090
1465121743130
1465121743165
1465121743212
1465121743254
1465121743294
1465121743324
1465121743354
1465121743432
1465121743504
1465121743555
1465121743621
1465121743661
1465121743711
1465121743781
1465121743823
1465121743854
1465121743894
1465121743935
1465121743970
1465121744013
1465121744041
1465121744068
1465121744116
1465121744204
1465121744238
1465121744282
1465121744348
1465121744388
1465121744406
1465121744431
1465121744479
1465121744540
1465121744592
1465121744622
1465121744678
1465121744692
1465121744733
1465121744756
1465121744796
1465121744826
1465121744860
1465121744893
1465121744923
1465121744953
1465121744983
1465121745033
1465121745063
1465121745093
1465121745123
1465121745163
1465121745203
1465121745245
1465121745300
1465121745322
1465121745357
1465121745399
1465121745435
1465121745460
1465121745520
1465121745545
1465121745567
1465121745625
1465121745676
1465121745747
1465121745797
1465121745857
1465121745899
1465121745929
1465121745959
1465121745989
1465121746029
1465121746059
1465121746089
1465121746136
1465121746165
1465121746193
1465121746223
1465121746253
1465121746323
1465121746353
1465121746393
1465121746423
1465121746453
1465121746505
1465121746552
1465121746607
1465121746634
1465121746664
1465121746694
1465121746724
1465121746754
1465121746794
1465121746854
1465121746864
1465121746894
1465121746944
1465121746996
1465121747006
1465121747056
1465121747076
1465121747106
1465121747143
1465121747168
1465121747198
1465121747234
1465121747267
1465121747300
1465121747330
1465121747363
1465121747393
1465121747437
1465121747465
1465121747495
1465121747525
1465121747565
1465121747595
1465121747625
1465121747665
1465121747745
1465121747805
1465121747825
1465121747867
1465121747897
1465121747918
1465121747960
1465121747990
1465121748020
1465121748060
1465121748096
1465121748133
1465121748183
1465121748266
1465121748296
1465121748329
1465121748372
1465121748394
1465121748440
1465121748461
1465121748491
1465121748521
1465121748561
1465121748591
1465121748631
1465121748661
1465121748711
1465121748750
1465121748803
1465121748823
1465121748864
1465121748894
1465121748924
1465121748955
1465121748985
1465121749025
1465121749055
1465121749095
1465121749158
1465121749228
1465121749258
1465121749298
1465121749330
1465121749362
1465121749402
1465121749437
1465121749474
1465121749502
1465121749536
1465121749566
1465121749606
1465121749646
1465121749686
1465121749706
1465121749756
1465121749798
1465121749838
1465121749868
1465121749898
1465121749928
1465121749958
1465121750000
1465121750022
1465121750062
1465121750104
1465121750140
1465121750191
1465121750281
1465121750311
1465121750341
1465121750371
1465121750403
1465121750439
1465121750475
1465121750503
1465121750554
1465121750599
1465121750684
1465121750714
1465121750769
1465121750801
1465121750831
1465121750861
1465121750941
1465121750961
1465121751001
1465121751047
1465121751067
1465121751104
1465121751129
1465121751169
1465121751199
1465121751239
1465121751285
1465121751331
1465121751395
1465121751435
1465121751486
1465121751535
1465121751586
1465121751637
1465121751687
1465121751729
1465121751761
1465121751801
1465121751835
1465121751897
1465121751957
1465121752007
1465121752037
1465121752067
1465121752109
1465121752133
1465121752163
1465121752213
1465121752273
1465121752303
1465121752333
1465121752363
1465121752456
1465121752496
1465121752546
1465121752576
1465121752606
1465121752662
1465121752708
1465121752759
1465121752820
1465121752883
1465121752943
1465121753003
1465121753033
1465121753063
1465121753177
1465121753227
1465121753247
1465121753257
1465121753287
1465121753317
1465121753348
1465121753391
1465121753421
1465121753451
1465121753502
1465121761245
1465121761285
1465121761345
1465121761395
1465121761435
1465121761435
1465121761475
1465121761505
1465121761535
1465121761582
1465121761609
1465121761639
1465121761679
1465121761769
1465121761828
1465121761862
1465121761872
1465121761903
1465121761933
1465121761963
1465121762003
1465121762043
1465121762074
1465121762107
1465121762187
1465121762261
1465121762274
1465121762304
1465121762354
1465121762374
1465121762403
1465121762430
1465121762470
1465121762500
1465121762530
1465121762570
1465121762630
1465121762700
1465121762740
1465121762780
1465121762800
1465121762830
1465121762873
1465121762903
1465121762933
1465121762964
1465121763004
1465121763044
1465121763125
1465121763175
1465121763215
1465121763235
1465121763265
1465121763306
1465121763336
1465121763370
1465121763400
1465121763431
1465121763491
1465121763577
1465121763619
1465121763644
1465121763668
1465121763698
1465121763738
1465121763768
1465121763798
1465121763841
1465121763871
1465121763951
1465121764023
1465121764043
1465121764073
1465121764115
1465121764138
1465121764168
1465121764198
1465121764238
1465121764268
1465121764308
1465121764378
1465121764441
1465121764481
1465121764501
1465121764531
1465121764571
1465121764611
1465121764631
1465121764661
1465121764701
1465121764811
1465121764862
1465121764882
1465121764903
1465121764933
1465121764963
1465121765003
1465121765033
1465121765073
1465121765104
1465121765176
1465121765246
1465121765276
1465121765316
1465121765337
1465121765367
1465121765411
1465121765429
1465121765469
1465121765499
1465121765529
1465121765579
1465121765664
1465121765714
1465121765746
1465121765768
1465121765798
1465121765830
1465121765870
1465121765900
1465121765940
1465121765970
1465121766050
1465121766110
1465121766150
1465121766170
1465121766200
1465121766230
1465121766270
1465121766300
1465121766340
1465121766380
1465121766461
1465121766521
1465121766541
1465121766571
1465121766602
1465121766642
1465121766682
1465121766702
1465121766742
1465121766772
1465121766813
1465121766849
1465121766929
1465121766949
1465121766969
1465121766999
1465121767039
1465121767069
1465121767109
1465121767139
1465121767169
1465121767249
1465121767331
1465121767347
1465121767380
1465121767411
1465121767471
1465121767481
1465121767505
1465121767545
1465121767582
1465121767607
1465121767637
1465121767677
1465121767697
1465121767737
1465121767777
1465121767805
1465121767852
1465121767942
1465121767982
1465121768012
1465121768042
1465121768072
1465121768102
1465121768142
1465121768172
1465121768203
1465121768233
1465121768303
1465121768366
1465121768406
1465121768436
1465121768466
1465121768506
1465121768536
1465121768576
1465121768611
1465121768644
1465121768674
1465121768764
1465121768814
1465121768851
1465121768875
1465121768911
1465121768941
1465121768981
1465121769011
1465121769041
1465121769071
1465121769122
1465121769192
1465121769252
1465121769272
1465121769312
1465121769342
1465121769372
1465121769422
1465121769447
1465121769477
1465121769547
1465121769616
1465121769646
1465121769676
1465121769706
1465121769736
1465121769776
1465121769806
1465121769836
1465121769879
1465121769929
1465121770003
1465121770053
1465121770093
1465121770120
1465121770142
1465121770182
1465121770212
1465121770242
1465121770272
1465121770312
1465121770342
1465121770372
1465121770412
1465121770462
1465121770502
1465121770579
1465121770609
1465121770639
1465121770679
1465121770709
1465121770739
1465121770779
1465121770809
1465121770839
1465121770890
1465121770980
1465121771022
1465121771052
1465121771078
1465121771104
1465121771144
1465121771174
1465121771214
1465121771244
1465121771274
1465121771342
1465121771399
1465121771456
1465121771476
1465121771506
1465121771546
1465121771576
1465121771616
1465121771649
1465121771679
1465121771710
1465121771770
1465121771820
1465121771881
1465121771911
1465121771941
1465121771981
1465121772001
1465121772041
1465121772071
1465121772112
1465121772172
1465121772262
1465121772282
1465121772318
1465121772350
1465121772379
1465121772412
1465121772442
1465121772482
1465121772512
1465121772552
1465121772624
1465121772684
1465121772724
1465121772755
1465121772777
1465121772817
1465121772848
1465121772878
1465121772908
1465121772948
1465121772978
1465121773028
1465121773068
1465121773128
1465121773158
1465121773178
1465121773218
1465121773248
1465121773278
1465121773308
1465121773349
1465121773379
1465121773419
1465121773470
1465121773540
1465121773605
1465121773628
1465121773638
1465121773678
1465121773708
1465121773748
1465121773788
1465121773826
1465121773853
1465121773883
1465121773953
1465121773993
1465121774043
1465121774053
1465121774084
1465121774117
1465121774142
1465121774182
1465121774212
1465121774252
1465121774282
1465121774332
1465121774402
1465121774455
1465121774493
1465121774518
1465121774538
1465121774578
1465121774619
1465121774649
1465121774679
1465121774709
1465121774779
1465121774860
1465121774890
1465121774920
1465121774950
1465121774980
1465121775010
1465121775050
1465121775080
1465121775110
1465121775150
1465121775211
1465121775281
1465121775311
1465121775352
1465121775382
1465121775412
1465121775452
1465121775482
1465121775522
1465121775555
1465121775585
1465121775648
1465121775718
1465121775758
1465121775778
1465121775818
1465121775852
1465121775886
1465121775917
1465121775957
1465121775987
1465121776037
1465121776117
1465121776167
1465121776187
1465121776217
1465121776247
1465121776287
1465121776317
1465121776348
1465121776378
1465121776418
1465121776468
1465121776548
1465121776588
1465121776621
1465121776651
1465121776681
1465121776721
1465121776751
1465121776781
1465121776821
1465121776854
1465121776914
1465121776988
1465121777048
1465121777058
1465121777089
1465121777119
1465121777149
1465121777189
1465121777219
1465121777249
1465121777289
1465121777328
1465121777406
1465121777462
1465121777502
1465121777522
1465121777562
1465121777594
1465121777622
1465121777645
1465121777685
1465121777715
1465121777745
1465121777815
1465121777896
1465121777926
1465121777956
1465121777986
1465121778016
1465121778046
1465121778086
1465121778166
1465121778196
1465121778226
1465121778256
1465121778296
1465121778336
1465121778367
1465121778407
1465121778447
1465121778487
1465121778517
1465121778557
1465121778592
1465121778622
1465121778662
1465121778691
1465121778718
1465121778758
1465121778828
1465121778869
1465121778929
1465121778959
1465121778989
1465121779019
1465121779059
1465121779089
1465121779120
1465121779150
1465121779190
1465121779220
1465121779270
1465121779351
1465121779402
1465121779422
1465121779452
1465121779482
1465121779522
1465121779562
1465121779582
1465121779620
1465121779660
1465121779744
1465121779792
1465121779839
1465121779853
1465121779893
1465121779923
1465121779953
1465121779983
1465121780023
1465121780063
1465121780112
1465121780187
1465121780241
1465121780279
1465121780289
1465121780329
1465121780359
1465121780389
1465121780420
1465121780460
1465121780480
1465121780530
1465121780550
1465121780611
1465121780661
1465121780731
1465121780761
1465121780791
1465121780832
1465121780863
1465121780893
1465121780923
1465121780953
1465121781003
1465121781033
1465121781103
1465121781166
1465121781216
1465121781226
1465121781256
1465121781296
1465121781326
1465121781356
1465121781386
1465121781420
1465121781450
1465121781678
