1465120554256 331.720612 203.846603
1465120554276 334.697601 208.689682
1465120554306 329.489929 207.726715
1465120554336 323.534302 207.356735
1465120554376 315.024475 199.124557
1465120554406 308.545563 204.130264
1465120554436 301.912781 203.244598
1465120554486 288.838379 199.864059
1465120554596 257.995544 191.537186
1465120554676 231.576172 178.863434
1465120554766 215.645218 166.416290
1465120554776 205.530945 158.188782
1465120554816 201.243927 153.093628
1465120554846 191.732346 141.339417
1465120554876 190.395065 136.654175
1465120554916 185.592026 125.493248
1465120554936 184.155716 119.525368
1465120554976 182.932190 110.750641
1465120555006 182.888275 98.313103
1465120555056 182.696381 96.183441
1465120555116 183.146637 71.895149
1465120555216 189.230286 50.275784
1465120555236 194.371643 41.310524
