1465120554256 433.123840 215.837219
1465120554276 438.279449 216.669952
1465120554306 441.560364 218.183563
1465120554336 447.505768 220.487289
1465120554376 456.937225 220.439621
1465120554406 469.721924 218.920410
1465120554436 478.700012 218.753159
1465120554486 486.527405 219.499405
1465120554596 521.662842 205.790268
1465120554676 548.925659 192.270584
1465120554766 563.211426 179.169159
1465120554776 566.235413 169.381714
1465120554816 567.143433 157.236618
1465120554846 568.767639 153.130875
1465120554876 573.285034 145.293259
1465120554916 578.107605 139.950714
1465120554936 591.435974 133.718964
1465120554976 583.692078 124.848114
1465120555006 582.346436 119.651939
1465120555056 580.515137 111.487030
1465120555116 599.412109 90.655045
1465120555216 602.229309 72.330391
1465120555236 600.765015 64.835770
