1465120541936
1465120541966
1465120541996
1465120542036
1465120542116
1465120542196
1465120542286
1465120542366
1465120542396
1465120542426
1465120542456
1465120542496
1465120542526
1465120542556
1465120542626
1465120542726
1465120542816
1465120542876
1465120542896
1465120542926
1465120542956
1465120542996
1465120543026
1465120543056
1465120543106
1465120543206
1465120543296
1465120543386
1465120543396
1465120543426
1465120543466
1465120543496
1465120543526
1465120543566
1465120543596
1465120543686
1465120543776
1465120543866
1465120543896
1465120543936
1465120543966
1465120543996
1465120544026
1465120544066
1465120544096
1465120544126
1465120544176
1465120544256
1465120544336
1465120544366
1465120544396
1465120544436
1465120544466
1465120544496
1465120544536
1465120544586
1465120544666
1465120544746
1465120544846
1465120544866
1465120544896
1465120544936
1465120544966
1465120544996
1465120545036
1465120545066
1465120545166
1465120545246
1465120545346
1465120545366
1465120545396
1465120545436
1465120545466
1465120545496
1465120545526
1465120545576
1465120545666
1465120545726
1465120545816
1465120545836
1465120545866
1465120545896
1465120545936
1465120545966
1465120545996
1465120546036
1465120546106
1465120546196
1465120546296
1465120546316
1465120546336
1465120546366
1465120546396
1465120546436
1465120546466
1465120546506
1465120546546
1465120546636
1465120546716
1465120546826
1465120546836
1465120546866
1465120546896
1465120546936
1465120546966
1465120546996
1465120547036
1465120547116
1465120547206
1465120547296
1465120547326
1465120547336
1465120547376
1465120547406
1465120547426
1465120547466
1465120547496
1465120547536
1465120547566
1465120547606
1465120547686
1465120547776
1465120547846
1465120547866
1465120547896
1465120547936
1465120547966
1465120548006
1465120548036
1465120548096
1465120548186
1465120548286
1465120548366
1465120548366
1465120548396
1465120548436
1465120548466
1465120548506
1465120548536
1465120548566
1465120548646
1465120548746
1465120548836
1465120548866
1465120548896
1465120548936
1465120548966
1465120548996
1465120549036
1465120549076
1465120549176
1465120549266
1465120549366
1465120549366
1465120549406
1465120549436
1465120549466
1465120549506
1465120549536
1465120549566
1465120549656
1465120549746
1465120549836
1465120549846
1465120549866
1465120549906
1465120549936
1465120549966
1465120550006
1465120550036
1465120550086
1465120550176
1465120550276
1465120550366
1465120550366
1465120550406
1465120550446
1465120550476
1465120550506
1465120550536
1465120550566
1465120550606
1465120550666
1465120550726
1465120550766
1465120550776
1465120550806
1465120550836
1465120550876
1465120550906
1465120550936
1465120550966
1465120551056
1465120551136
1465120551226
1465120551236
1465120551276
1465120551306
1465120551336
1465120551376
1465120551406
1465120551436
1465120551516
1465120551616
1465120551696
1465120551716
1465120551736
1465120551776
1465120551806
1465120551836
1465120551876
1465120551906
1465120551956
1465120552056
1465120552146
1465120552206
1465120552236
1465120552276
1465120552306
1465120552346
1465120552376
1465120552406
1465120552466
1465120552566
1465120552656
1465120552726
1465120552736
1465120552766
1465120552806
1465120552836
1465120552866
1465120552906
1465120552936
1465120552986
1465120553066
1465120553146
1465120553236
1465120553236
1465120553276
1465120553306
1465120553336
1465120553376
1465120553406
1465120553436
1465120553526
1465120553616
1465120553716
1465120553736
1465120553776
1465120553806
1465120553836
1465120553876
1465120553906
1465120553976
1465120554066
1465120554156
1465120554256
1465120554276
1465120554306
1465120554336
1465120554376
1465120554406
1465120554436
1465120554486
1465120554596
1465120554676
1465120554766
1465120554776
1465120554816
1465120554846
1465120554876
1465120554916
1465120554936
1465120554976
1465120555006
1465120555056
1465120555116
1465120555216
1465120555236
1465120555276
1465120555306
1465120555336
1465120555376
1465120555406
1465120555446
1465120555526
1465120555626
1465120555706
1465120555706
1465120555746
1465120555776
1465120555806
1465120555846
1465120555876
1465120555906
1465120555976
1465120556076
1465120556166
1465120556206
1465120556246
1465120556276
1465120556306
1465120556346
1465120556376
1465120556406
1465120556476
1465120556576
1465120556676
1465120556706
1465120556746
1465120556776
1465120556816
1465120556846
1465120556876
1465120556916
1465120556996
1465120557086
1465120557166
1465120557186
1465120557206
1465120557246
1465120557276
1465120557306
1465120557346
1465120557376
1465120557426
1465120557486
1465120557556
1465120557636
1465120557646
1465120557676
1465120557716
1465120557746
1465120557776
1465120557816
1465120557846
1465120557876
1465120557916
1465120557986
1465120558036
1465120558046
1465120558076
1465120558116
1465120558146
1465120558186
1465120558206
1465120558256
1465120558316
1465120558456
1465120558496
1465120558516
1465120558546
1465120558576
1465120558616
1465120558646
1465120558676
1465120558716
1465120558796
1465120558876
1465120558976
1465120559016
1465120559046
1465120559076
1465120559116
1465120559146
1465120559176
1465120559256
1465120559326
1465120559396
1465120559446
1465120559446
1465120559476
1465120559506
1465120559546
1465120559576
1465120559606
1465120559646
1465120559726
1465120559826
1465120559916
1465120559956
1465120559976
1465120560006
1465120560046
1465120560076
1465120560106
1465120560146
1465120560196
1465120560286
1465120560376
1465120560476
1465120560516
1465120560546
1465120560586
1465120560616
1465120560646
1465120560676
1465120560776
1465120560856
1465120560946
1465120560986
1465120561016
1465120561046
1465120561076
1465120561116
1465120561146
1465120561186
1465120561276
1465120561376
1465120561466
1465120561476
1465120561516
1465120561546
1465120561576
1465120561616
1465120561646
1465120561686
1465120561776
1465120561876
1465120561966
1465120561986
1465120562016
1465120562046
1465120562086
1465120562116
1465120562146
1465120562186
1465120562286
1465120562376
1465120562466
1465120562486
1465120562516
1465120562546
1465120562586
1465120562616
1465120562646
1465120562696
1465120562786
1465120562876
1465120562966
1465120562996
1465120563026
1465120563056
1465120563096
1465120563126
1465120563156
1465120563186
1465120563216
1465120563256
1465120563286
1465120563356
1465120563426
1465120563486
1465120563516
1465120563556
1465120563586
1465120563616
1465120563656
1465120563686
1465120563716
1465120563766
1465120563846
1465120563926
1465120563956
1465120563986
1465120564016
1465120564056
1465120564086
1465120564116
1465120564156
1465120564206
1465120564306
1465120564386
1465120564456
1465120564486
1465120564516
1465120564556
1465120564586
1465120564616
1465120564656
1465120564726
1465120564806
1465120564906
1465120564956
1465120564986
1465120565016
1465120565056
1465120565086
1465120565116
1465120565156
1465120565236
1465120565316
1465120565396
1465120565446
1465120565446
1465120565486
1465120565526
1465120565556
1465120565586
1465120565626
1465120565656
1465120565746
1465120565836
1465120565926
1465120565956
1465120565986
1465120566016
1465120566056
1465120566086
1465120566126
1465120566156
1465120566246
1465120566336
1465120566416
1465120566426
1465120566456
1465120566486
1465120566516
1465120566556
1465120566596
1465120566626
1465120566686
1465120566766
1465120566876
1465120566966
1465120566996
1465120567016
1465120567056
1465120567086
1465120567116
1465120567156
1465120567216
1465120567306
1465120567386
1465120567486
1465120567486
1465120567516
1465120567556
1465120567586
1465120567616
1465120567656
1465120567686
1465120567746
1465120567836
1465120567936
1465120567986
1465120567986
1465120568026
1465120568056
1465120568086
1465120568126
1465120568156
1465120568196
1465120568246
1465120568336
1465120568426
1465120568486
1465120568486
1465120568526
1465120568556
1465120568596
1465120568626
1465120568656
1465120568686
1465120568766
1465120568856
1465120568946
1465120568956
1465120568986
1465120569026
1465120569056
1465120569086
1465120569126
1465120569156
1465120569206
1465120569296
1465120569406
1465120569446
1465120569456
1465120569496
1465120569526
1465120569556
1465120569596
1465120569626
1465120569656
1465120569746
1465120569826
1465120569906
1465120569936
1465120569956
1465120569996
1465120570026
1465120570056
1465120570096
1465120570126
1465120570156
1465120570196
1465120570226
1465120570296
1465120570366
1465120570446
1465120570466
1465120570496
1465120570536
1465120570566
1465120570596
1465120570626
1465120570666
1465120570716
1465120570806
1465120570886
1465120570936
1465120570966
1465120570996
1465120571036
1465120571056
1465120571096
1465120571126
1465120571186
1465120571266
1465120571356
1465120571426
1465120571426
1465120571456
1465120571496
1465120571526
1465120571566
1465120571596
1465120571626
1465120571686
1465120571806
1465120571876
1465120571926
1465120571926
1465120571966
1465120571996
1465120572026
1465120572056
1465120572096
1465120572136
1465120572206
1465120572296
1465120572376
1465120572436
1465120572456
1465120572486
1465120572536
1465120572556
1465120572586
1465120572626
1465120572666
1465120572726
1465120572806
1465120572906
1465120572936
1465120572956
1465120572996
1465120573026
1465120573056
1465120573096
1465120573166
1465120573236
1465120573326
1465120573426
1465120573426
1465120573476
1465120573506
1465120573536
1465120573566
1465120573606
1465120573636
1465120573666
1465120573696
1465120573726
1465120573756
1465120573816
1465120573906
1465120573956
1465120573966
1465120574006
1465120574026
1465120574056
1465120574096
1465120574126
1465120574166
1465120574246
1465120574346
1465120574436
1465120574466
1465120574496
1465120574526
1465120574566
1465120574596
1465120574626
1465120574666
1465120574746
1465120574826
1465120574916
1465120574996
1465120575026
1465120575066
1465120575096
1465120575136
1465120575166
1465120575196
1465120575266
1465120575386
1465120575456
1465120575496
1465120575496
1465120575536
1465120575566
1465120575596
1465120575636
1465120575666
1465120575716
1465120575766
1465120575796
1465120575836
1465120575866
1465120575896
1465120575936
1465120575966
1465120575996
1465120576036
1465120576096
1465120576236
1465120576356
1465120576416
1465120576436
1465120576466
1465120576506
1465120576536
1465120576576
1465120576626
1465120576676
1465120576706
1465120576736
1465120576766
1465120576826
1465120576846
1465120576866
1465120576896
1465120576936
1465120576976
1465120577006
1465120577026
1465120577076
1465120577096
1465120577136
1465120577166
1465120577196
1465120577226
1465120577266
1465120577296
1465120577336
1465120577366
1465120577396
1465120577496
1465120577616
1465120577666
1465120577706
1465120577736
1465120577766
1465120577806
1465120577836
1465120577866
1465120577946
1465120578076
1465120578176
1465120578196
1465120578236
1465120578276
1465120578296
1465120578336
1465120578366
1465120578396
1465120578446
1465120578496
1465120578536
1465120578596
1465120578636
1465120578686
1465120578736
1465120578776
1465120578806
1465120578836
1465120578866
1465120578896
1465120578936
1465120578966
1465120579006
1465120579036
1465120579076
1465120579096
1465120579136
1465120579166
1465120579196
1465120579236
1465120579266
1465120579306
1465120579376
1465120579476
1465120579496
1465120579536
1465120579586
1465120579606
1465120579636
1465120579676
1465120579756
1465120579796
1465120579866
1465120579896
1465120579936
1465120579966
1465120579996
1465120580036
1465120580066
1465120580116
1465120580186
1465120580296
1465120580356
1465120580366
1465120580406
1465120580436
1465120580466
1465120580506
1465120580536
1465120580586
1465120580676
1465120580766
1465120580826
1465120580836
1465120580876
1465120580906
1465120580936
1465120580966
1465120581016
1465120581036
1465120581066
1465120581106
1465120581196
1465120581236
1465120581316
1465120581336
1465120581366
1465120581406
1465120581436
1465120581466
1465120581506
1465120581536
1465120581616
1465120581706
1465120581796
1465120581816
1465120581836
1465120581876
1465120581906
1465120581936
1465120581976
1465120582006
1465120582056
1465120582146
1465120582246
1465120582306
1465120582346
1465120582376
1465120582406
1465120582436
1465120582486
1465120582506
1465120582566
1465120582646
1465120582806
1465120582836
1465120582876
1465120582906
1465120582946
1465120582986
1465120583006
1465120583036
1465120583116
1465120583226
1465120583266
1465120583346
1465120583376
1465120583406
1465120583436
1465120583466
1465120583506
1465120583536
1465120583576
1465120583646
1465120583716
1465120583796
1465120583806
1465120583836
1465120583866
1465120583906
1465120583936
1465120583976
1465120584016
1465120584046
1465120584126
1465120584206
1465120584266
1465120584276
1465120584306
1465120584336
1465120584366
1465120584406
1465120584436
1465120584466
1465120584526
1465120584616
1465120584696
1465120584756
1465120584776
1465120584806
1465120584856
1465120584866
1465120584916
1465120584946
1465120584976
1465120585006
1465120585046
1465120585116
1465120585186
1465120585256
1465120585276
1465120585306
1465120585346
1465120585376
1465120585406
1465120585436
1465120585476
1465120585506
1465120585556
1465120585636
1465120585736
1465120585796
1465120585806
1465120585836
1465120585876
1465120585906
1465120585936
1465120585976
1465120586016
1465120586106
1465120586186
1465120586286
1465120586306
1465120586336
1465120586376
1465120586406
1465120586436
1465120586486
1465120586536
1465120586626
1465120586706
1465120586826
1465120586856
1465120586876
1465120586906
1465120586946
1465120586976
1465120587016
1465120587046
1465120587086
1465120587156
1465120587226
1465120587316
1465120587346
1465120587376
1465120587416
1465120587446
1465120587476
1465120587506
1465120587556
1465120587616
1465120587686
1465120587736
1465120587746
1465120587776
1465120587816
1465120587846
1465120587876
1465120587916
1465120587946
1465120587986
1465120588056
1465120588156
1465120588236
1465120588246
1465120588276
1465120588316
1465120588346
1465120588376
1465120588416
1465120588446
1465120588526
1465120588596
1465120588706
1465120588716
1465120588746
1465120588776
1465120588816
1465120588846
1465120588886
1465120588916
1465120588996
1465120589096
1465120589126
1465120589176
1465120589186
1465120589216
1465120589256
1465120589286
1465120589316
1465120589346
1465120589386
1465120589416
1465120589446
1465120589486
1465120589516
1465120589556
1465120589616
1465120589686
1465120589716
1465120589746
1465120589776
1465120589816
1465120589846
1465120589886
1465120589916
1465120589946
1465120590026
1465120590116
1465120590176
1465120590186
1465120590216
1465120590246
1465120590276
1465120590316
1465120590356
1465120590386
1465120590426
1465120590506
1465120590576
1465120590626
1465120590646
1465120590676
1465120590716
1465120590746
1465120590776
1465120590816
1465120590846
1465120590906
1465120590976
1465120591056
1465120591096
1465120591116
1465120591146
1465120591176
1465120591216
1465120591246
1465120591276
1465120591326
1465120591416
1465120591516
1465120591606
1465120591616
1465120591646
1465120591676
1465120591716
1465120591756
1465120591786
1465120591816
1465120591906
1465120591986
1465120592046
1465120592076
1465120592116
1465120592146
1465120592176
1465120592216
1465120592246
1465120592296
1465120592386
1465120592496
1465120592576
1465120592586
1465120592616
1465120592646
1465120592686
1465120592716
1465120592746
1465120592786
1465120592856
1465120592956
1465120593046
1465120593086
1465120593116
1465120593146
1465120593186
1465120593216
1465120593246
1465120593286
1465120593356
1465120593446
1465120593536
1465120593576
1465120593586
1465120593616
1465120593646
1465120593686
1465120593716
1465120593756
1465120593796
1465120593856
1465120593916
1465120594016
1465120594086
1465120594086
1465120594116
1465120594146
1465120594186
1465120594216
1465120594246
1465120594286
1465120594326
1465120594406
1465120594506
1465120594586
1465120594596
1465120594656
1465120594656
1465120594686
1465120594716
1465120594756
1465120594786
1465120594816
1465120594856
1465120594886
1465120594916
1465120594986
1465120595086
1465120595186
1465120595216
1465120595256
1465120595286
1465120595316
1465120595356
1465120595386
1465120595426
1465120595456
1465120595496
1465120595526
1465120595556
1465120595586
1465120595616
1465120595676
1465120595726
1465120595786
1465120595836
1465120595856
1465120595886
1465120595916
1465120595956
1465120595996
1465120596016
1465120596056
1465120596096
1465120596136
1465120596226
1465120596446
