1465205240042 283.093933 217.441910
1465205240078 283.038483 217.372406
1465205240107 283.010406 217.553940
1465205240145 282.948486 217.678864
1465205240175 282.755463 217.423523
1465205240205 282.524048 217.482407
1465205240244 285.615601 220.744751
1465205240275 281.625000 217.963196
1465205240306 281.468536 217.728226
1465205240346 281.624725 217.570786
1465205240378 281.537567 217.486969
1465205240409 286.614655 222.049347
1465205240448 286.105072 221.518250
1465205240479 282.983459 216.985825
1465205240510 281.771301 216.770905
1465205240543 282.738403 226.121536
1465205240579 279.821503 225.204514
1465205240611 273.842773 226.805557
1465205240647 268.404663 227.368454
1465205240679 260.854950 223.878586
1465205240710 252.717041 225.807114
1465205240748 248.484741 225.499313
1465205240780 232.025894 219.459854
1465205240811 227.682404 218.110565
1465205240843 214.382599 213.623795
1465205240875 201.473389 207.753067
1465205240912 192.629364 207.223862
1465205240947 182.670410 198.032730
1465205240980 175.345535 190.353363
1465205241010 160.898514 184.840805
1465205241048 154.163452 177.248734
1465205241078 150.366486 166.417862
1465205241107 142.600861 155.755829
1465205241147 129.808990 148.069611
1465205241177 127.073761 136.161804
1465205241208 124.798523 129.848129
1465205241243 122.387619 117.279167
1465205241274 123.705711 107.917015
1465205241306 135.224457 104.688606
1465205241344 129.460999 94.448608
1465205241375 127.880135 77.646515
1465205241416 127.449226 74.181091
1465205241447 132.862228 64.677170
1465205241478 136.500122 55.979347
1465205241517 138.887451 49.683594
1465205241548 147.206711 43.431431
1465205241579 152.312683 36.669231
1465205241614 159.544830 32.426620
1465205241645 169.144318 25.116650
1465205241681 171.839310 23.369938
1465205241717 179.433929 16.227665
1465205241748 184.783539 11.864963
1465205241779 186.487274 10.893431
1465205241817 188.253967 6.914306
1465205241849 213.634872 13.724771
1465205241881 215.428619 15.042973
1465205241919 215.495270 -3.103409
1465205241950 217.551117 -3.171844
1465205241983 215.867828 -3.875341
1465205242014 217.171936 -1.759729
