1465205240042 409.591827 222.680313
1465205240078 409.187347 223.029709
1465205240107 409.557037 223.976151
1465205240145 409.335602 224.406891
1465205240175 409.390808 221.951172
1465205240205 409.585602 222.939682
1465205240244 408.511230 223.299042
1465205240275 408.838989 223.675354
1465205240306 409.608002 222.653366
1465205240346 409.636993 223.850662
1465205240378 409.289612 223.950668
1465205240409 409.362732 221.729614
1465205240448 411.383209 218.445175
1465205240479 410.746155 223.803329
1465205240510 411.070709 225.347290
1465205240543 412.172546 223.493057
1465205240579 422.992188 225.100082
1465205240611 422.070892 225.253983
1465205240647 428.430664 219.800049
1465205240679 431.109924 219.043503
1465205240710 450.223541 213.746277
1465205240748 451.285065 212.150208
1465205240780 454.679810 211.716949
1465205240811 465.382080 206.778259
1465205240843 474.074707 203.893768
1465205240875 481.308929 197.317368
1465205240912 488.084869 192.173187
1465205240947 499.119690 190.557480
1465205240980 505.716003 180.432693
1465205241010 516.759460 185.157303
1465205241048 523.594421 176.367065
1465205241078 527.120483 172.445190
1465205241107 533.497437 161.415619
1465205241147 541.607605 151.508560
1465205241177 546.129150 146.925995
1465205241208 541.199280 134.193878
1465205241243 548.155029 126.658417
1465205241274 550.978760 118.146400
1465205241306 551.769348 109.855759
1465205241344 551.743530 102.986298
1465205241375 557.330322 91.342377
1465205241416 553.321777 91.048210
1465205241447 554.915588 74.986725
1465205241478 552.752563 67.132713
1465205241517 550.524475 64.673965
1465205241548 543.209717 57.784966
1465205241579 536.567078 48.602772
1465205241614 535.282043 43.255520
1465205241645 528.289734 39.986473
1465205241681 526.215088 25.269012
1465205241717 521.622253 23.791794
1465205241748 512.718811 25.699997
1465205241779 509.390625 22.310158
1465205241817 503.757477 15.163693
1465205241849 495.818665 11.686234
1465205241881 494.860168 11.062660
1465205241919 491.026062 10.951538
1465205241950 485.432587 13.980188
1465205241983 484.634369 14.706774
1465205242014 478.836243 10.865493
