1465063361672 371.896942 221.261444
1465063361703 378.105225 221.695068
1465063361735 384.148132 222.885864
1465063361766 385.697571 223.297028
1465063361797 388.309906 231.400238
1465063361844 393.534210 230.292328
1465063361875 397.599670 228.198578
1465063361906 402.001160 227.997269
1465063361937 407.005493 227.204559
1465063361969 414.184540 225.360733
1465063362000 424.384338 221.440079
1465063362031 426.151886 221.847504
1465063362062 430.393677 220.358398
1465063362109 436.856232 218.967560
1465063362140 441.598846 216.367249
1465063362171 447.178070 209.736893
1465063362203 452.580536 206.935226
1465063362234 457.617126 203.485565
1465063362281 461.859192 196.406158
1465063362312 466.140167 192.309540
1465063362343 471.510895 187.234497
1465063362374 475.233307 182.552490
1465063362405 476.191040 179.751892
1465063362437 477.468933 176.901428
1465063362468 478.839417 170.792694
1465063362515 479.765381 164.872452
1465063362546 481.372437 160.461685
1465063362577 480.804932 156.677505
1465063362608 479.419403 155.308914
1465063362639 475.578278 147.863235
1465063362671 473.164124 145.684784
1465063362702 466.938965 139.262802
1465063362733 461.656830 134.709656
1465063362780 456.411682 130.779190
1465063362811 450.359650 128.391953
1465063362842 443.017120 124.541534
1465063362873 432.049622 122.145699
1465063362905 426.160339 122.174049
1465063362936 421.541138 122.404388
1465063362967 413.178040 121.370842
1465063362998 406.955109 121.670212
1465063363029 399.671326 123.517502
1465063363077 389.502594 123.689407
1465063363108 383.455475 123.505669
1465063363140 377.716217 123.716064
1465063363171 369.068481 123.064140
1465063363202 363.240173 124.072891
1465063363233 354.635895 120.574394
1465063363264 348.318420 119.451172
1465063363296 345.537445 118.359077
1465063363342 328.086517 116.976913
1465063363374 324.933533 117.180275
1465063363405 313.668488 117.994736
1465063363452 312.007813 124.396736
1465063363467 310.359589 123.654869
1465063363498 301.737488 112.684807
1465063363545 285.641724 106.865616
1465063363576 284.695404 105.993286
1465063363608 282.579681 104.804192
1465063363639 281.013672 103.548332
1465063363670 271.463165 139.343674
1465063363701 286.655243 129.128448
1465063363748 290.303040 124.658516
1465063363779 289.907104 125.167610
1465063363795 288.332703 123.256073
1465063363842 287.459351 121.191330
1465063363873 285.307587 117.847954
1465063363904 283.472656 113.670601
1465063363935 282.613495 112.247200
1465063363966 254.252243 107.038307
1465063363998 256.688843 111.166351
1465063364044 281.610840 84.271690
1465063364076 281.764832 82.829964
1465063364107 282.594666 78.882492
1465063364138 300.423248 63.708427
1465063364169 300.473663 62.956181
1465063364200 285.831421 57.706718
1465063364247 287.808746 56.298782
1465063364278 291.316132 51.495682
1465063364310 320.081329 46.567097
1465063364341 321.973419 48.890606
1465063364372 324.201782 50.171257
1465063364403 340.306091 44.213634
1465063364450 341.092499 41.845951
1465063364481 344.697327 40.669056
1465063364512 354.971588 37.242165
1465063364544 364.317291 37.368164
1465063364575 373.331665 37.860302
1465063364606 382.398743 38.845325
1465063364637 388.261047 40.292072
