1465063321664
1465063321695
1465063321727
1465063321773
1465063321789
1465063321836
1465063321867
1465063321898
1465063321945
1465063321961
1465063322007
1465063322039
1465063322070
1465063322085
1465063322132
1465063322163
1465063322195
1465063322226
1465063322257
1465063322304
1465063322335
1465063322366
1465063322397
1465063322429
1465063322460
1465063322507
1465063322538
1465063322553
1465063322600
1465063322631
1465063322663
1465063322694
1465063322725
1465063322772
1465063322803
1465063322834
1465063322865
1465063322897
1465063322928
1465063322959
1465063322990
1465063323037
1465063323068
1465063323099
1465063323131
1465063323162
1465063323193
1465063323240
1465063323271
1465063323302
1465063323333
1465063323365
1465063323396
1465063323443
1465063323458
1465063323505
1465063323536
1465063323567
1465063323599
1465063323630
1465063323661
1465063323708
1465063323739
1465063323770
1465063323801
1465063323833
1465063323864
1465063323895
1465063323926
1465063323957
1465063324004
1465063324035
1465063324067
1465063324098
1465063324129
1465063324160
1465063324191
1465063324223
1465063324269
1465063324301
1465063324332
1465063324363
1465063324394
1465063324425
1465063324488
1465063324503
1465063324550
1465063324581
1465063324597
1465063324628
1465063324675
1465063324691
1465063324722
1465063324769
1465063324800
1465063324831
1465063324862
1465063324909
1465063324925
1465063324971
1465063325003
1465063325034
1465063325065
1465063325096
1465063325127
1465063325174
1465063325205
1465063325252
1465063325268
1465063325299
1465063325346
1465063325361
1465063325393
1465063325439
1465063325471
1465063325502
1465063325533
1465063325564
1465063325595
1465063325629
1465063325660
1465063325691
1465063325738
1465063325769
1465063325800
1465063325831
1465063325863
1465063325894
1465063325941
1465063325972
1465063326003
1465063326034
1465063326065
1465063326097
1465063326128
1465063326159
1465063326206
1465063326237
1465063326268
1465063326299
1465063326331
1465063326362
1465063326393
1465063326440
1465063326471
1465063326502
1465063326533
1465063326565
1465063326596
1465063326643
1465063326658
1465063326705
1465063326736
1465063326767
1465063326799
1465063326830
1465063326861
1465063326908
1465063326940
1465063326971
1465063327002
1465063327035
1465063327066
1465063327097
1465063327128
1465063327175
1465063327222
1465063327237
1465063327269
1465063327300
1465063327331
1465063327362
1465063327409
1465063327440
1465063327471
1465063327503
1465063327534
1465063327565
1465063327596
1465063327627
1465063327674
1465063327705
1465063327737
1465063327768
1465063327799
1465063327830
1465063327861
1465063327908
1465063327924
1465063328002
1465063328002
1465063328033
1465063328080
1465063328111
1465063328127
1465063328173
1465063328205
1465063328236
1465063328283
1465063328314
1465063328329
1465063328376
1465063328407
1465063328439
1465063328470
1465063328501
1465063328532
1465063328563
1465063328595
1465063328641
1465063328673
1465063328704
1465063328735
1465063328782
1465063328813
1465063328844
1465063328875
1465063328907
1465063328953
1465063328969
1465063329000
1465063329047
1465063329063
1465063329109
1465063329142
1465063329173
1465063329204
1465063329235
1465063329266
1465063329298
1465063329329
1465063329391
1465063329407
1465063329438
1465063329469
1465063329500
1465063329547
1465063329563
1465063329594
1465063329641
1465063329672
1465063329703
1465063329750
1465063329766
1465063329812
1465063329844
1465063329875
1465063329906
1465063329953
1465063329968
1465063330000
1465063330031
1465063330078
1465063330109
1465063330140
1465063330171
1465063330202
1465063330234
1465063330265
1465063330296
1465063330343
1465063330374
1465063330405
1465063330436
1465063330468
1465063330499
1465063330546
1465063330577
1465063330608
1465063330639
1465063330670
1465063330717
1465063330733
1465063330781
1465063330812
1465063330843
1465063330874
1465063330905
1465063330937
1465063330968
1465063330999
1465063331046
1465063331077
1465063331108
1465063331139
1465063331171
1465063331202
1465063331233
1465063331280
1465063331311
1465063331342
1465063331373
1465063331405
1465063331436
1465063331483
1465063331514
1465063331529
1465063331576
1465063331608
1465063331640
1465063331671
1465063331702
1465063331733
1465063331780
1465063331811
1465063331842
1465063331889
1465063331905
1465063331936
1465063331967
1465063332014
1465063332030
1465063332076
1465063332108
1465063332139
1465063332170
1465063332201
1465063332232
1465063332279
1465063332310
1465063332342
1465063332373
1465063332404
1465063332435
1465063332466
1465063332513
1465063332544
1465063332576
1465063332614
1465063332645
1465063332676
1465063332707
1465063332739
1465063332770
1465063332801
1465063332848
1465063332879
1465063332910
1465063332941
1465063332973
1465063333004
1465063333035
1465063333066
1465063333097
1465063333144
1465063333175
1465063333207
1465063333238
1465063333285
1465063333300
1465063333347
1465063333378
1465063333409
1465063333456
1465063333472
1465063333503
1465063333550
1465063333565
1465063333612
1465063333643
1465063333675
1465063333706
1465063333753
1465063333768
1465063333815
1465063333846
1465063333877
1465063333909
1465063333940
1465063333971
1465063334002
1465063334033
1465063334080
1465063334111
1465063334143
1465063334189
1465063334205
1465063334252
1465063334283
1465063334314
1465063334345
1465063334377
1465063334408
1465063334439
1465063334486
1465063334517
1465063334548
1465063334579
1465063334611
1465063334642
1465063334704
1465063334704
1465063334751
1465063334767
1465063334813
1465063334845
1465063334876
1465063334907
1465063334938
1465063334985
1465063335016
1465063335047
1465063335094
1465063335110
1465063335141
1465063335172
1465063335219
1465063335266
1465063335281
1465063335313
1465063335344
1465063335375
1465063335406
1465063335437
1465063335484
1465063335515
1465063335547
1465063335578
1465063335609
1465063335640
1465063335671
1465063335703
1465063335734
1465063335781
1465063335812
1465063335843
1465063335874
1465063335905
1465063335937
1465063335968
1465063336015
1465063336046
1465063336077
1465063336108
1465063336139
1465063336171
1465063336202
1465063336249
1465063336295
1465063336311
1465063336342
1465063336373
1465063336405
1465063336451
1465063336483
1465063336514
1465063336545
1465063336576
1465063336607
1465063336639
1465063336685
1465063336717
1465063336748
1465063336779
1465063336810
1465063336841
1465063336873
1465063336904
1465063336951
1465063336982
1465063337013
1465063337044
1465063337075
1465063337107
1465063337153
1465063337169
1465063337216
1465063337247
1465063337278
1465063337309
1465063337341
1465063337372
1465063337419
1465063337450
1465063337481
1465063337512
1465063337543
1465063337575
1465063337606
1465063337653
1465063337684
1465063337715
1465063337746
1465063337777
1465063337809
1465063337840
1465063337871
1465063337918
1465063337949
1465063337980
1465063338011
1465063338043
1465063338074
1465063338105
1465063338136
1465063338183
1465063338230
1465063338245
1465063338277
1465063338308
1465063338339
1465063338386
1465063338417
1465063338448
1465063338479
1465063338511
1465063338542
1465063338590
1465063338605
1465063338652
1465063338683
1465063338714
1465063338746
1465063338777
1465063338808
1465063338839
1465063338870
1465063338917
1465063338948
1465063338980
1465063339011
1465063339042
1465063339073
1465063339120
1465063339151
1465063339182
1465063339214
1465063339245
1465063339276
1465063339323
1465063339354
1465063339385
1465063339416
1465063339448
1465063339479
1465063339526
1465063339557
1465063339588
1465063339621
1465063339654
1465063339686
1465063339717
1465063339748
1465063339779
1465063339810
1465063339842
1465063339873
1465063339920
1465063339951
1465063339982
1465063340013
1465063340044
1465063340076
1465063340107
1465063340154
1465063340185
1465063340216
1465063340247
1465063340325
1465063340403
1465063340419
1465063340450
1465063340481
1465063340512
1465063340559
1465063340575
1465063340606
1465063340653
1465063340684
1465063340715
1465063340746
1465063340778
1465063340809
1465063340856
1465063340887
1465063340918
1465063340949
1465063340980
1465063341012
1465063341043
1465063341090
1465063341121
1465063341152
1465063341183
1465063341214
1465063341261
1465063341277
1465063341324
1465063341355
1465063341386
1465063341417
1465063341448
1465063341480
1465063341511
1465063341542
1465063341573
1465063341620
1465063341651
1465063341682
1465063341714
1465063341745
1465063341776
1465063341823
1465063341854
1465063341885
1465063341916
1465063341948
1465063341979
1465063342026
1465063342041
1465063342088
1465063342119
1465063342150
1465063342182
1465063342213
1465063342260
1465063342291
1465063342416
1465063342416
1465063342447
1465063342494
1465063342509
1465063342556
1465063342603
1465063342618
1465063342650
1465063342681
1465063342712
1465063342743
1465063342790
1465063342821
1465063342852
1465063342884
1465063342915
1465063342946
1465063342977
1465063343024
1465063343055
1465063343086
1465063343118
1465063343149
1465063343180
1465063343211
1465063343242
1465063343289
1465063343320
1465063343352
1465063343383
1465063343414
1465063343445
1465063343492
1465063343523
1465063343554
1465063343586
1465063343617
1465063343679
1465063343695
1465063343742
1465063343757
1465063343788
1465063343820
1465063343851
1465063343882
1465063343913
1465063343944
1465063343991
1465063344022
1465063344054
1465063344085
1465063344116
1465063344147
1465063344178
1465063344210
1465063344256
1465063344288
1465063344319
1465063344350
1465063344381
1465063344412
1465063344459
1465063344490
1465063344522
1465063344553
1465063344584
1465063344615
1465063344646
1465063344693
1465063344709
1465063344756
1465063344787
1465063344818
1465063344865
1465063344896
1465063344927
1465063344958
1465063344990
1465063345021
1465063345052
1465063345083
1465063345114
1465063345161
1465063345177
1465063345224
1465063345255
1465063345286
1465063345317
1465063345364
1465063345380
1465063345426
1465063345458
1465063345489
1465063345536
1465063345567
1465063345598
1465063345614
1465063345660
1465063345692
1465063345723
1465063345754
1465063345785
1465063345832
1465063345848
1465063345894
1465063345926
1465063345957
1465063345988
1465063346019
1465063346050
1465063346082
1465063346113
1465063346160
1465063346191
1465063346222
1465063346253
1465063346284
1465063346316
1465063346347
1465063346394
1465063346425
1465063346456
1465063346487
1465063346518
1465063346550
1465063346596
1465063346618
1465063346649
1465063346680
1465063346712
1465063346758
1465063346790
1465063346821
1465063346852
1465063346899
1465063346930
1465063346961
1465063346992
1465063347024
1465063347055
1465063347086
1465063347117
1465063347164
1465063347195
1465063347226
1465063347258
1465063347289
1465063347320
1465063347351
1465063347398
1465063347429
1465063347460
1465063347492
1465063347523
1465063347554
1465063347585
1465063347616
1465063347663
1465063347694
1465063347726
1465063347757
1465063347788
1465063347819
1465063347866
1465063347897
1465063347928
1465063347960
1465063347991
1465063348022
1465063348053
1465063348084
1465063348131
1465063348162
1465063348194
1465063348225
1465063348256
1465063348287
1465063348318
1465063348350
1465063348396
1465063348428
1465063348459
1465063348490
1465063348521
1465063348552
1465063348584
1465063348630
1465063348662
1465063348693
1465063348724
1465063348755
1465063348786
1465063348818
1465063348849
1465063348883
1465063348930
1465063348961
1465063348992
1465063349039
1465063349055
1465063349086
1465063349133
1465063349164
1465063349195
1465063349226
1465063349257
1465063349289
1465063349333
1465063349349
1465063349396
1465063349427
1465063349459
1465063349490
1465063349521
1465063349552
1465063349583
1465063349630
1465063349661
1465063349693
1465063349724
1465063349755
1465063349786
1465063349817
1465063349864
1465063349895
1465063349927
1465063349958
1465063349989
1465063350020
1465063350067
1465063350098
1465063350129
1465063350161
1465063350192
1465063350223
1465063350254
1465063350285
1465063350332
1465063350363
1465063350395
1465063350426
1465063350457
1465063350488
1465063350535
1465063350551
1465063350597
1465063350629
1465063350660
1465063350691
1465063350722
1465063350753
1465063350785
1465063350823
1465063350870
1465063350901
1465063350932
1465063350979
1465063350994
1465063351026
1465063351057
1465063351104
1465063351119
1465063351166
1465063351197
1465063351228
1465063351260
1465063351291
1465063351322
1465063351353
1465063351400
1465063351431
1465063351462
1465063351494
1465063351525
1465063351572
1465063351587
1465063351618
1465063351665
1465063351696
1465063351728
1465063351759
1465063351790
1465063351821
1465063351852
1465063351884
1465063351930
1465063351962
1465063351993
1465063352024
1465063352055
1465063352102
1465063352118
1465063352164
1465063352211
1465063352227
1465063352258
1465063352289
1465063352336
1465063352367
1465063352383
1465063352430
1465063352461
1465063352492
1465063352523
1465063352554
1465063352586
1465063352632
1465063352664
1465063352695
1465063352726
1465063352757
1465063352804
1465063352835
1465063352866
1465063352898
1465063352929
1465063352960
1465063352991
1465063353022
1465063353054
1465063353085
1465063353132
1465063353163
1465063353194
1465063353225
1465063353272
1465063353288
1465063353334
1465063353366
1465063353397
1465063353428
1465063353459
1465063353490
1465063353537
1465063353568
1465063353600
1465063353631
1465063353662
1465063353693
1465063353724
1465063353756
1465063353802
1465063353834
1465063353865
1465063353896
1465063353927
1465063353958
1465063353990
1465063354083
1465063354099
1465063354130
1465063354161
1465063354192
1465063354224
1465063354255
1465063354302
1465063354333
1465063354364
1465063354395
1465063354426
1465063354458
1465063354504
1465063354536
1465063354567
1465063354598
1465063354629
1465063354676
1465063354707
1465063354723
1465063354770
1465063354801
1465063354832
1465063354863
1465063354894
1465063354926
1465063354957
1465063354988
1465063355035
1465063355066
1465063355097
1465063355128
1465063355160
1465063355191
1465063355222
1465063355269
1465063355300
1465063355331
1465063355362
1465063355394
1465063355425
1465063355456
1465063355503
1465063355534
1465063355565
1465063355596
1465063355628
1465063355659
1465063355690
1465063355721
1465063355768
1465063355799
1465063355830
1465063355862
1465063355893
1465063355924
1465063355955
1465063356002
1465063356033
1465063356064
1465063356096
1465063356142
1465063356174
1465063356205
1465063356236
1465063356267
1465063356298
1465063356330
1465063356369
1465063356400
1465063356431
1465063356462
1465063356494
1465063356525
1465063356556
1465063356587
1465063356634
1465063356665
1465063356696
1465063356728
1465063356759
1465063356806
1465063356837
1465063356868
1465063356899
1465063356930
1465063356962
1465063357008
1465063357040
1465063357071
1465063357102
1465063357133
1465063357164
1465063357196
1465063357227
1465063357258
1465063357305
1465063357336
1465063357367
1465063357398
1465063357430
1465063357461
1465063357508
1465063357539
1465063357570
1465063357601
1465063357632
1465063357664
1465063357695
1465063357726
1465063357773
1465063357804
1465063357835
1465063357866
1465063357898
1465063357929
1465063357960
1465063358007
1465063358038
1465063358069
1465063358100
1465063358132
1465063358163
1465063358210
1465063358241
1465063358272
1465063358303
1465063358334
1465063358366
1465063358412
1465063358428
1465063358475
1465063358506
1465063358537
1465063358568
1465063358600
1465063358631
1465063358678
1465063358709
1465063358740
1465063358771
1465063358802
1465063358834
1465063358865
1465063358896
1465063358943
1465063358974
1465063359005
1465063359036
1465063359068
1465063359099
1465063359130
1465063359177
1465063359208
1465063359239
1465063359270
1465063359302
1465063359333
1465063359364
1465063359395
1465063359442
1465063359473
1465063359504
1465063359536
1465063359567
1465063359598
1465063359629
1465063359660
1465063359707
1465063359738
1465063359770
1465063359801
1465063359832
1465063359879
1465063359910
1465063359941
1465063359972
1465063360004
1465063360035
1465063360066
1465063360097
1465063360128
1465063360160
1465063360206
1465063360238
1465063360269
1465063360300
1465063360331
1465063360378
1465063360409
1465063360440
1465063360472
1465063360503
1465063360534
1465063360565
1465063360606
1465063360627
1465063360674
1465063360705
1465063360736
1465063360767
1465063360799
1465063360830
1465063360861
1465063360908
1465063360939
1465063360970
1465063361001
1465063361033
1465063361064
1465063361111
1465063361142
1465063361173
1465063361204
1465063361235
1465063361267
1465063361298
1465063361329
1465063361376
1465063361407
1465063361438
1465063361469
1465063361516
1465063361532
1465063361563
1465063361610
1465063361641
1465063361672
1465063361703
1465063361735
1465063361766
1465063361797
1465063361844
1465063361875
1465063361906
1465063361937
1465063361969
1465063362000
1465063362031
1465063362062
1465063362109
1465063362140
1465063362171
1465063362203
1465063362234
1465063362281
1465063362312
1465063362343
1465063362374
1465063362405
1465063362437
1465063362468
1465063362515
1465063362546
1465063362577
1465063362608
1465063362639
1465063362671
1465063362702
1465063362733
1465063362780
1465063362811
1465063362842
1465063362873
1465063362905
1465063362936
1465063362967
1465063362998
1465063363029
1465063363077
1465063363108
1465063363140
1465063363171
1465063363202
1465063363233
1465063363264
1465063363296
1465063363342
1465063363374
1465063363405
1465063363452
1465063363467
1465063363498
1465063363545
1465063363576
1465063363608
1465063363639
1465063363670
1465063363701
1465063363748
1465063363779
1465063363795
1465063363842
1465063363873
1465063363904
1465063363935
1465063363966
1465063363998
1465063364044
1465063364076
1465063364107
1465063364138
1465063364169
1465063364200
1465063364247
1465063364278
1465063364310
1465063364341
1465063364372
1465063364403
1465063364450
1465063364481
1465063364512
1465063364544
1465063364575
1465063364606
1465063364637
1465063364668
1465063364715
1465063364746
1465063364778
1465063364809
1465063364840
1465063364871
1465063364902
1465063364949
1465063364980
1465063365012
1465063365043
1465063365074
1465063365105
1465063365136
1465063365168
1465063365214
1465063365246
1465063365277
1465063365308
1465063365339
1465063365370
1465063365402
1465063365448
1465063365464
1465063365511
1465063365542
1465063365573
1465063365604
1465063365636
1465063365667
1465063365714
1465063365745
1465063365776
1465063365807
1465063365838
1465063365870
1465063365916
1465063365948
1465063365979
1465063366010
1465063366041
1465063366088
1465063366104
1465063366135
1465063366182
1465063366213
1465063366244
1465063366275
1465063366306
1465063366338
1465063366384
1465063366416
1465063366447
1465063366478
1465063366509
1465063366540
1465063366572
1465063366606
1465063366637
1465063366684
1465063366715
1465063366746
1465063366793
1465063366824
1465063366855
1465063366887
1465063366918
1465063366933
1465063366980
1465063367011
1465063367043
1465063367074
1465063367105
1465063367136
1465063367183
1465063367214
1465063367245
1465063367277
1465063367308
1465063367339
1465063367370
1465063367417
1465063367448
1465063367479
1465063367511
1465063367542
1465063367573
1465063367615
1465063367649
1465063367681
1465063367712
1465063367743
1465063367774
1465063367805
1465063367837
1465063367883
1465063367915
1465063367946
1465063367977
1465063368008
1465063368039
1465063368071
1465063368102
1465063368149
1465063368180
1465063368211
1465063368242
1465063368273
1465063368305
1465063368336
1465063368383
1465063368414
1465063368445
1465063368476
1465063368507
1465063368554
1465063368585
1465063368617
1465063368648
1465063368679
1465063368710
1465063368757
1465063368773
1465063368804
1465063368851
1465063368882
1465063368913
1465063368944
1465063368975
1465063369007
1465063369038
1465063369069
1465063369116
1465063369147
1465063369178
1465063369209
1465063369241
1465063369272
1465063369319
1465063369350
1465063369381
1465063369412
1465063369459
1465063369490
1465063369521
1465063369553
1465063369584
1465063369615
1465063369655
1465063369688
1465063369720
1465063369751
1465063369782
1465063369813
1465063369851
1465063369883
1465063369929
1465063369945
1465063369992
1465063370023
1465063370054
1465063370085
1465063370117
1465063370148
1465063370195
1465063370226
1465063370257
1465063370288
1465063370319
1465063370351
1465063370382
1465063370414
1465063370445
1465063370492
1465063370523
1465063370554
1465063370586
1465063370617
1465063370664
1465063370679
1465063370726
1465063370757
1465063370788
1465063370820
1465063370851
1465063370882
1465063370913
1465063370960
1465063370991
1465063371022
1465063371054
1465063371085
1465063371116
1465063371163
1465063371194
1465063371225
1465063371256
1465063371288
1465063371319
1465063371350
1465063371397
1465063371412
1465063371459
1465063371490
1465063371522
1465063371553
1465063371584
1465063371615
1465063371662
1465063371693
1465063371724
1465063371756
1465063371802
1465063371818
1465063371849
1465063371896
1465063371927
1465063371958
1465063372036
1465063372099
1465063372130
1465063372161
1465063372192
1465063372224
1465063372255
1465063372286
1465063372317
1465063372364
1465063372395
1465063372426
1465063372458
1465063372489
1465063372520
1465063372551
1465063372614
1465063372614
1465063372645
1465063372692
1465063372723
1465063372754
1465063372785
1465063372816
1465063372848
1465063372894
1465063372926
1465063372957
1465063372988
1465063373019
1465063373050
1465063373082
1465063373113
1465063373144
1465063373175
1465063373222
1465063373362
