1465063361672 248.507233 237.859314
1465063361703 243.743118 237.379593
1465063361735 235.499893 232.995712
1465063361766 227.652130 235.077820
1465063361797 218.404465 229.827347
1465063361844 211.335983 228.612549
1465063361875 202.672806 227.106750
1465063361906 192.546082 225.317139
1465063361937 180.798157 224.125320
1465063361969 173.424347 221.512253
1465063362000 168.453445 215.590881
1465063362031 161.946106 212.735977
1465063362062 157.252579 208.551727
1465063362109 149.152298 201.808319
1465063362140 145.867630 197.350159
1465063362171 142.490051 192.100159
1465063362203 138.908752 188.326920
1465063362234 131.410553 175.268234
1465063362281 130.293854 171.236633
1465063362312 129.943253 165.611755
1465063362343 128.151733 154.924301
1465063362374 127.644714 152.355804
1465063362405 127.503906 145.445496
1465063362437 129.348221 140.032425
1465063362468 130.609055 137.301544
1465063362515 131.494690 133.273132
1465063362546 135.175461 128.889526
1465063362577 137.566208 119.730003
1465063362608 139.495789 118.359474
1465063362639 147.122055 110.612183
1465063362671 148.612915 109.964149
1465063362702 154.774139 107.880692
1465063362733 161.993637 107.081451
1465063362780 168.757462 106.599724
1465063362811 180.092316 106.759872
1465063362842 185.096603 107.535423
1465063362873 192.955444 108.833527
1465063362905 200.467285 111.978249
1465063362936 209.039291 114.555016
1465063362967 219.016998 117.598389
1465063362998 228.093079 121.224060
1465063363029 235.497162 123.966034
1465063363077 240.912537 131.333984
1465063363108 248.667984 135.622940
1465063363140 256.341553 141.671982
1465063363171 266.693665 145.134506
1465063363202 278.957581 148.903046
1465063363233 286.286835 151.826019
1465063363264 296.970703 155.785187
1465063363296 297.996552 158.017899
1465063363342 301.432831 159.514542
1465063363374 301.470673 160.506393
1465063363405 319.291748 161.432251
1465063363452 321.367157 161.297272
1465063363467 323.918335 161.297607
1465063363498 326.857147 162.209106
1465063363545 333.282959 164.551590
1465063363576 336.363586 161.914963
1465063363608 339.966858 153.482529
1465063363639 363.679077 117.198730
1465063363670 369.862823 124.083023
1465063363701 366.339386 113.721832
1465063363748 370.396240 119.588684
1465063363779 371.908264 123.906296
1465063363795 366.447144 117.407310
1465063363842 365.694550 112.878372
1465063363873 362.580902 107.044632
1465063363904 350.002441 98.507668
1465063363935 347.834015 95.545120
1465063363966 346.868866 87.288979
1465063363998 346.466614 84.334000
1465063364044 344.192047 77.912094
1465063364076 331.177673 55.805511
1465063364107 330.908813 51.138439
1465063364138 298.642700 58.481339
1465063364169 293.852661 57.748432
1465063364200 291.103546 57.457565
1465063364247 289.419464 51.732502
1465063364278 284.199219 49.634914
1465063364310 296.999939 48.901592
1465063364341 295.467987 47.729103
1465063364372 278.213562 56.142456
1465063364403 275.288208 56.295261
1465063364450 269.416077 54.815483
1465063364481 260.950043 53.978432
1465063364512 254.026703 53.757862
1465063364544 246.755249 54.128868
1465063364575 239.048843 54.858913
1465063364606 229.788132 54.877884
1465063364637 221.872391 55.670185
