1464703087982
1464703088052
1464703088142
1464703088162
1464703088182
1464703088212
1464703088252
1464703088282
1464703088322
1464703088352
1464703088392
1464703088472
1464703088562
1464703088652
1464703088682
1464703088712
1464703088752
1464703088782
1464703088812
1464703088852
1464703088912
1464703088992
1464703089092
1464703089152
1464703089182
1464703089212
1464703089252
1464703089282
1464703089312
1464703089352
1464703089392
1464703089492
1464703089582
1464703089662
1464703089682
1464703089712
1464703089752
1464703089782
1464703089822
1464703089852
1464703089892
1464703089952
1464703090042
1464703090132
1464703090202
1464703090222
1464703090252
1464703090282
1464703090312
1464703090352
1464703090382
1464703090422
1464703090472
1464703090572
1464703090642
1464703090712
1464703090722
1464703090752
1464703090782
1464703090822
1464703090852
1464703090882
1464703090922
1464703090982
1464703091082
1464703091162
1464703091222
1464703091252
1464703091282
1464703091312
1464703091352
1464703091382
1464703091422
1464703091472
1464703091572
1464703091652
1464703091732
1464703091752
1464703091782
1464703091822
1464703091852
1464703091882
1464703091922
1464703091972
1464703092062
1464703092142
1464703092222
1464703092252
1464703092282
1464703092322
1464703092352
1464703092382
1464703092422
1464703092452
1464703092522
1464703092602
1464703092692
1464703092722
1464703092752
1464703092792
1464703092822
1464703092852
1464703092892
1464703092922
1464703092982
1464703093062
1464703093152
1464703093192
1464703093222
1464703093252
1464703093296
1464703093327
1464703093360
1464703093397
1464703093435
1464703093515
1464703093605
1464703093695
1464703093725
1464703093755
1464703093785
1464703093825
1464703093855
1464703093885
1464703093935
1464703094015
1464703094115
1464703094195
1464703094225
1464703094255
1464703094295
1464703094325
1464703094365
1464703094405
1464703094465
1464703094525
1464703094635
1464703094715
1464703094715
1464703094755
1464703094785
1464703094815
1464703094855
1464703094885
1464703094915
1464703094995
1464703095085
1464703095175
1464703095215
1464703095225
1464703095255
1464703095285
1464703095329
1464703095362
1464703095392
1464703095430
1464703095475
1464703095565
1464703095645
1464703095735
1464703095755
1464703095795
1464703095825
1464703095855
1464703095885
1464703095925
1464703095965
1464703096045
1464703096135
1464703096215
1464703096225
1464703096255
1464703096285
1464703096325
1464703096355
1464703096395
1464703096425
1464703096495
1464703096575
1464703096665
1464703096735
1464703096765
1464703096795
1464703096825
1464703096855
1464703096895
1464703096925
1464703096955
1464703097015
1464703097115
1464703097185
1464703097235
1464703097265
1464703097295
1464703097325
1464703097355
1464703097395
1464703097425
1464703097455
1464703097535
1464703097635
1464703097715
1464703097735
1464703097765
1464703097795
1464703097825
1464703097855
1464703097895
1464703097925
1464703097965
1464703098055
1464703098135
1464703098215
1464703098225
1464703098255
1464703098295
1464703098325
1464703098365
1464703098395
1464703098425
1464703098485
1464703098585
1464703098675
1464703098735
1464703098765
1464703098795
1464703098825
1464703098855
1464703098895
1464703098935
1464703098985
1464703099065
1464703099155
1464703099235
1464703099265
1464703099295
1464703099325
1464703099355
1464703099395
1464703099425
1464703099475
1464703099555
1464703099645
1464703099725
1464703099755
1464703099795
1464703099825
1464703099855
1464703099895
1464703099935
1464703099985
1464703100065
1464703100155
1464703100255
1464703100265
1464703100295
1464703100335
1464703100355
1464703100395
1464703100425
1464703100455
1464703100495
1464703100585
1464703100655
1464703100745
1464703100765
1464703100795
1464703100835
1464703100865
1464703100905
1464703100935
1464703100965
1464703101015
1464703101105
1464703101175
1464703101195
1464703101225
1464703101265
1464703101295
1464703101325
1464703101365
1464703101415
1464703101495
1464703101585
1464703101675
1464703101695
1464703101725
1464703101765
1464703101795
1464703101825
1464703101865
1464703101915
1464703101985
1464703102065
1464703102165
1464703102165
1464703102195
1464703102225
1464703102265
1464703102295
1464703102325
1464703102365
1464703102425
1464703102515
1464703102595
1464703102675
1464703102705
1464703102735
1464703102765
1464703102795
1464703102835
1464703102865
1464703102895
1464703102965
1464703103055
1464703103135
1464703103175
1464703103195
1464703103235
1464703103265
1464703103295
1464703103335
1464703103375
1464703103425
1464703103505
1464703103605
1464703103675
1464703103695
1464703103735
1464703103765
1464703103795
1464703103835
1464703103865
1464703103915
1464703104005
1464703104095
1464703104175
1464703104205
1464703104235
1464703104265
1464703104305
1464703104335
1464703104365
1464703104405
1464703104485
1464703104555
1464703104635
1464703104665
1464703104705
1464703104735
1464703104765
1464703104805
1464703104835
1464703104865
1464703104925
1464703105025
1464703105095
1464703105165
1464703105175
1464703105225
1464703105275
1464703105295
1464703105335
1464703105365
1464703105405
1464703105435
1464703105525
1464703105605
1464703105685
1464703105705
1464703105735
1464703105765
1464703105795
1464703105835
1464703105865
1464703105895
1464703105945
1464703106025
1464703106075
1464703106155
1464703106165
1464703106205
1464703106235
1464703106265
1464703106295
1464703106335
1464703106365
1464703106435
1464703106515
1464703106615
1464703106635
1464703106675
1464703106695
1464703106735
1464703106765
1464703106795
1464703106835
1464703106875
1464703106955
1464703107025
1464703107125
1464703107145
1464703107165
1464703107195
1464703107235
1464703107265
1464703107315
1464703107345
1464703107385
1464703107455
1464703107565
1464703107635
1464703107645
1464703107665
1464703107705
1464703107735
1464703107765
1464703107805
1464703107835
1464703107885
1464703107955
1464703108045
1464703108115
1464703108135
1464703108165
1464703108205
1464703108235
1464703108265
1464703108305
1464703108355
1464703108445
1464703108525
1464703108625
1464703108635
1464703108675
1464703108705
1464703108735
1464703108775
1464703108805
1464703108835
1464703108915
1464703109015
1464703109095
1464703109105
1464703109135
1464703109175
1464703109205
1464703109235
1464703109285
1464703109305
1464703109375
1464703109455
1464703109565
1464703109615
1464703109635
1464703109675
1464703109705
1464703109735
1464703109775
1464703109805
1464703109845
1464703109935
1464703109985
1464703110075
1464703110105
1464703110145
1464703110175
1464703110205
1464703110245
1464703110275
1464703110325
1464703110405
1464703110505
1464703110575
1464703110605
1464703110635
1464703110675
1464703110705
1464703110735
1464703110765
1464703110815
1464703110885
1464703110975
1464703111045
1464703111075
1464703111105
1464703111135
1464703111165
1464703111215
1464703111235
1464703111275
1464703111365
1464703111475
1464703111535
1464703111565
1464703111605
1464703111635
1464703111675
1464703111715
1464703111745
1464703111795
1464703111885
1464703111985
1464703112055
1464703112065
1464703112105
1464703112135
1464703112175
1464703112205
1464703112235
1464703112275
1464703112345
1464703112435
1464703112525
1464703112555
1464703112575
1464703112605
1464703112635
1464703112675
1464703112705
1464703112735
1464703112775
1464703112865
1464703112955
1464703113045
1464703113075
1464703113105
1464703113135
1464703113175
1464703113205
1464703113235
1464703113305
1464703113395
1464703113485
1464703113535
1464703113545
1464703113575
1464703113605
1464703113645
1464703113675
1464703113705
1464703113745
1464703113815
1464703113895
1464703113985
1464703114045
1464703114075
1464703114105
1464703114145
1464703114175
1464703114205
1464703114245
1464703114295
1464703114385
1464703114475
1464703114555
1464703114575
1464703114605
1464703114645
1464703114675
1464703114705
1464703114745
1464703114785
1464703114865
1464703114955
1464703115045
1464703115075
1464703115115
1464703115145
1464703115175
1464703115205
1464703115245
1464703115295
1464703115375
1464703115475
1464703115555
1464703115575
1464703115605
1464703115645
1464703115675
1464703115705
1464703115745
1464703115775
1464703115865
1464703115945
1464703116035
1464703116065
1464703116125
1464703116155
1464703116185
1464703116205
1464703116245
1464703116275
1464703116325
1464703116395
1464703116475
1464703116525
1464703116545
1464703116575
1464703116605
1464703116645
1464703116675
1464703116705
1464703116735
1464703116835
1464703116905
1464703116985
1464703117005
1464703117045
1464703117075
1464703117105
1464703117145
1464703117175
1464703117215
1464703117305
1464703117385
1464703117475
1464703117505
1464703117545
1464703117585
1464703117615
1464703117645
1464703117675
1464703117715
1464703117755
1464703117825
1464703117895
1464703117905
1464703117945
1464703117975
1464703118005
1464703118045
1464703118075
1464703118115
1464703118185
1464703118285
1464703118365
1464703118375
1464703118405
1464703118445
1464703118475
1464703118515
1464703118545
1464703118575
1464703118645
1464703118735
1464703118825
1464703118865
1464703118875
1464703118915
1464703118945
1464703118975
1464703119015
1464703119045
1464703119085
1464703119165
1464703119275
1464703119355
1464703119385
1464703119415
1464703119445
1464703119475
1464703119515
1464703119555
1464703119605
1464703119685
1464703119785
1464703119855
1464703119885
1464703119915
1464703119945
1464703119985
1464703120015
1464703120045
1464703120085
1464703120185
1464703120265
1464703120355
1464703120385
1464703120415
1464703120445
1464703120485
1464703120515
1464703120545
1464703120585
1464703120665
1464703120735
1464703120805
1464703120815
1464703120845
1464703120885
1464703120915
1464703120945
1464703120985
1464703121015
1464703121075
1464703121165
1464703121255
1464703121325
1464703121355
1464703121385
1464703121415
1464703121455
1464703121485
1464703121515
1464703121565
1464703121665
1464703121745
1464703121825
1464703121845
1464703121885
1464703121915
1464703121945
1464703121985
1464703122015
1464703122065
1464703122155
1464703122235
1464703122315
1464703122355
1464703122385
1464703122415
1464703122455
1464703122485
1464703122515
1464703122575
1464703122655
1464703122745
1464703122835
1464703122855
1464703122885
1464703122925
1464703122955
1464703122985
1464703123015
1464703123055
1464703123135
1464703123215
1464703123315
1464703123325
1464703123345
1464703123385
1464703123415
1464703123445
1464703123485
1464703123525
1464703123575
1464703123645
1464703123755
1464703123825
1464703123865
1464703123885
1464703123915
1464703123955
1464703123985
1464703124025
1464703124055
1464703124145
1464703124235
1464703124325
1464703124345
1464703124385
1464703124415
1464703124455
1464703124485
1464703124515
1464703124555
1464703124645
1464703124745
1464703124825
1464703124855
1464703124885
1464703124915
1464703124955
1464703124985
1464703125015
1464703125055
1464703125125
1464703125205
1464703125295
1464703125365
1464703125385
1464703125415
1464703125455
1464703125485
1464703125515
1464703125555
1464703125605
1464703125685
1464703125765
1464703125855
1464703125885
1464703125925
1464703125955
1464703125985
1464703126025
1464703126055
1464703126115
1464703126195
1464703126285
1464703126365
1464703126385
1464703126425
1464703126455
1464703126485
1464703126525
1464703126555
1464703126595
1464703126685
1464703126785
1464703126875
1464703126885
1464703126925
1464703126955
1464703126985
1464703127035
1464703127055
1464703127085
1464703127135
1464703127205
1464703127245
1464703127295
1464703127325
1464703127355
1464703127385
1464703127425
1464703127455
1464703127485
1464703127535
1464703127605
1464703127685
1464703127775
1464703127795
1464703127825
1464703127855
1464703127895
1464703127925
1464703127955
1464703127995
1464703128075
1464703128155
1464703128235
1464703128275
1464703128295
1464703128325
1464703128355
1464703128385
1464703128425
1464703128455
1464703128485
1464703128565
1464703128655
1464703128755
1464703128775
1464703128795
1464703128825
1464703128855
1464703128885
1464703128925
1464703128955
1464703128995
1464703129085
1464703129125
1464703129185
1464703129195
1464703129225
1464703129265
1464703129285
1464703129325
1464703129355
1464703129395
1464703129455
1464703129545
1464703129645
1464703129665
1464703129695
1464703129725
1464703129755
1464703129785
1464703129835
1464703129855
1464703129935
1464703129995
1464703130105
1464703130165
1464703130195
1464703130225
1464703130255
1464703130295
1464703130325
1464703130355
1464703130405
1464703130495
1464703130595
1464703130665
1464703130695
1464703130725
1464703130755
1464703130785
1464703130825
1464703130855
1464703130915
1464703130995
1464703131095
1464703131165
1464703131195
1464703131245
1464703131305
1464703131335
1464703131365
1464703131395
1464703131445
1464703131475
1464703131515
1464703131565
1464703131595
1464703131635
1464703131665
1464703131705
1464703131725
1464703131755
1464703131795
1464703131865
1464703131905
1464703131985
1464703132015
1464703132035
1464703132065
1464703132095
1464703132135
1464703132165
1464703132205
1464703132225
1464703132275
1464703132355
1464703132435
1464703132495
1464703132525
1464703132565
1464703132595
1464703132635
1464703132665
1464703132695
1464703132755
1464703132835
1464703132915
1464703132975
1464703132995
1464703133025
1464703133065
1464703133095
1464703133125
1464703133165
1464703133215
1464703133295
1464703133375
1464703133475
1464703133505
1464703133535
1464703133565
1464703133595
1464703133625
1464703133665
1464703133705
1464703133735
1464703133815
1464703133895
1464703133975
1464703133995
1464703134035
1464703134065
1464703134095
1464703134135
1464703134165
1464703134195
1464703134285
1464703134385
1464703134465
1464703134465
1464703134495
1464703134535
1464703134565
1464703134595
1464703134635
1464703134665
1464703134725
1464703134815
1464703134895
1464703134965
1464703134995
1464703135025
1464703135055
1464703135095
1464703135125
1464703135155
1464703135225
