1464703124515 258.024353 219.308640
1464703124555 258.026489 219.130707
1464703124645 258.036285 219.202759
1464703124745 258.094910 219.258286
1464703124825 257.980682 219.137756
1464703124855 257.873627 218.880005
1464703124885 257.281769 218.488052
1464703124915 256.372101 218.637314
1464703124955 255.320419 218.320984
1464703124985 251.390442 216.262970
1464703125015 246.951996 215.837112
1464703125055 242.023529 214.121826
1464703125125 228.706238 208.881088
1464703125205 211.280487 201.514755
1464703125295 189.417114 189.804962
1464703125365 167.880951 183.095215
1464703125385 164.024353 180.899017
1464703125415 153.862488 172.217957
1464703125455 150.662613 168.778275
1464703125485 145.167542 164.088760
1464703125515 139.495270 150.060638
1464703125555 136.515335 142.029358
1464703125605 134.506912 138.692139
1464703125685 132.283600 114.080383
1464703125765 128.226593 92.918388
1464703125855 128.816254 72.219543
1464703125885 121.319160 66.955421
1464703125925 129.740417 62.138412
1464703125955 120.153564 54.090443
1464703125985 120.480179 52.077156
1464703126025 121.164688 49.476013
1464703126055 127.860321 44.670494
1464703126115 128.674637 42.935070
1464703126195 130.057343 41.442001
1464703126285 130.295349 42.059139
1464703126365 140.088135 49.235947
1464703126385 122.521667 48.965233
1464703126425 120.850830 49.534336
1464703126455 121.749573 50.919399
1464703126485 131.621338 60.453087
1464703126525 130.675537 63.365623
1464703126555 129.774414 69.098282
1464703126595 127.134361 78.428406
1464703126685 128.096741 92.191345
1464703126785 132.722702 121.057144
1464703126875 137.440933 140.782455
1464703126885 139.302536 145.590668
1464703126925 143.164841 149.432663
1464703126955 147.566711 156.986877
1464703126985 151.844604 168.401184
1464703127035 154.524017 169.733765
1464703127055 161.896179 175.446396
1464703127085 165.412231 178.185196
1464703127135 172.397644 183.052994
1464703127205 185.389252 189.009872
1464703127245 189.228851 192.026871
1464703127295 201.288239 199.625244
1464703127325 209.668350 203.371780
1464703127355 213.501526 205.019333
1464703127385 220.026245 207.542557
1464703127425 225.473236 208.911499
1464703127455 231.267319 209.504868
1464703127485 235.586212 211.473175
