1464703124515 396.268555 214.104355
1464703124555 396.242401 214.143768
1464703124645 395.998260 214.100769
1464703124745 395.561279 213.880569
1464703124825 395.630646 214.137161
1464703124855 395.669189 214.139603
1464703124885 395.591766 214.197357
1464703124915 395.529816 214.223694
1464703124955 395.601532 214.280029
1464703124985 395.646240 214.254608
1464703125015 395.681458 214.199158
1464703125055 396.035706 214.246704
1464703125125 396.186676 214.247559
1464703125205 399.581787 215.090729
1464703125295 398.922455 215.085770
1464703125365 398.598358 214.468781
1464703125385 398.428314 214.404099
1464703125415 398.356293 214.205307
1464703125455 399.310272 214.355865
1464703125485 399.077576 214.332123
1464703125515 398.569397 215.530777
1464703125555 398.488892 215.635162
1464703125605 398.432678 215.647980
1464703125685 397.921906 215.354904
1464703125765 397.732605 214.353745
1464703125855 397.419098 213.492493
1464703125885 397.561096 212.836533
1464703125925 397.602356 212.770905
1464703125955 397.325989 212.611664
1464703125985 397.180359 212.367142
1464703126025 396.665527 212.274628
1464703126055 396.462555 212.175873
1464703126115 396.417084 212.117264
1464703126195 396.377747 212.156036
1464703126285 396.452698 212.152496
1464703126365 396.356934 212.361191
1464703126385 396.503754 212.358704
1464703126425 396.359985 212.323837
1464703126455 396.412659 212.311218
1464703126485 396.229218 212.201965
1464703126525 396.331512 212.043320
1464703126555 396.254028 212.068634
1464703126595 396.319824 212.033981
1464703126685 396.641357 212.020767
1464703126785 396.592255 212.080322
1464703126875 396.481262 212.438614
1464703126885 396.421844 212.987122
1464703126925 396.317596 213.902237
1464703126955 396.310669 213.969070
1464703126985 396.150330 213.757629
1464703127035 396.300293 213.639938
1464703127055 396.216064 213.763702
1464703127085 396.221436 213.811371
1464703127135 395.665894 213.501205
1464703127205 395.347412 213.602417
1464703127245 395.237000 213.816055
1464703127295 395.210205 214.011047
1464703127325 395.109375 213.974472
1464703127355 394.874756 213.701492
1464703127385 394.859497 213.790619
1464703127425 394.735077 213.728302
1464703127455 394.633362 213.736389
1464703127485 394.524231 213.697418
