1464703123254 -0.2906858325 -0.00790585484356 0.0941342413425
1464703123278 -0.430153459311 0.18145956099 0.134132772684
1464703123299 -0.418952316046 0.126611202955 0.130625188351
1464703123328 -0.488620638847 -0.123730421066 0.147837892175
1464703123348 -1.05741024017 -0.277509182692 0.276369810104
1464703123378 -1.78053700924 -0.338624566793 0.381987512112
1464703123398 -1.96731054783 -0.24776725471 0.387502223253
1464703123428 -1.85886716843 -0.136904716492 0.354328989983
1464703123448 -1.83268594742 -0.0204162728041 0.328636854887
1464703123468 -1.8254622221 -0.194228723645 0.292273014784
1464703123498 -1.71007084846 -0.322061628103 0.234356358647
1464703123518 -1.58584737778 -0.369818240404 0.181623235345
1464703123548 -1.04435157776 -0.0376199297607 0.109506286681
1464703123568 -0.581127226353 0.286183446646 0.0466726310551
1464703123588 -0.155905365944 0.316404491663 -0.0165619719774
1464703123610 0.321594238281 0.178521350026 -0.0851842015982
1464703123639 0.872790753841 -0.0355374775827 -0.171409860253
1464703123669 1.07631587982 0.142115280032 -0.197380930185
1464703123689 1.19156885147 0.139452680945 -0.210091799498
1464703123718 1.48797738552 0.182199418545 -0.226145789027
1464703123738 1.6498349905 0.270983427763 -0.225979194045
1464703123768 2.07164478302 0.374081492424 1.86071205139
1464703123788 2.17095708847 0.448629260063 1.55188369751
1464703123808 2.27537894249 0.0602560602129 1.47747421265
1464703123838 2.2207069397 0.0991269648075 -0.46681317687
1464703123858 2.16854548454 0.406438827515 1.44270658493
1464703123879 2.00515818596 0.557965517044 -0.489569455385
1464703123908 1.96912932396 0.429563999176 -0.444012254477
1464703123930 1.89101850986 0.00402931496501 -0.405389964581
1464703123958 1.96149516106 -0.109165921807 -0.371649473906
1464703123988 1.75689470768 0.18256790936 -0.343971401453
1464703124009 1.63534414768 0.303234994411 -0.339359253645
1464703124038 1.33602714539 -0.426368713379 -0.291029840708
1464703124058 0.731567025185 -0.465924113989 -0.278551399708
1464703124088 0.561659216881 -0.102463796735 -0.280658364296
1464703124108 0.808990597725 -0.422729313374 -0.254170954227
1464703124138 0.797063589096 -0.0269399657845 -0.283808082342
1464703124168 0.330535143614 -0.422194808722 -0.24989169836
1464703124189 0.18934738636 -1.04748702049 -0.220727458596
1464703124218 0.0883924216032 -1.12588524818 -0.231445580721
1464703124239 0.0544030591846 -0.4415794909 -0.295221805573
1464703124268 -0.204154357314 0.191140502691 -0.29015943408
1464703124298 -0.205357447267 -0.441855728626 -0.105663366616
1464703124320 -0.643120825291 -0.405359447002 -0.042530361563
1464703124348 -0.645898282528 0.290737718344 -0.149584963918
1464703124381 -0.885177850723 0.785836338997 -0.17174692452
1464703124409 -1.17818367481 0.795412659645 -0.21290551126
1464703124438 -1.36139392853 0.32754701376 -0.147800967097
1464703124458 -1.16968548298 0.293472915888 -0.111632324755
1464703124487 -1.03043413162 0.311550140381 -0.0971364676952
1464703124508 -0.6789072752 -0.0156311113387 -2.1174890995
1464703124537 -0.376808673143 -0.722262442112 -2.80012464523
1464703124558 -0.546046793461 -1.03265953064 0.518655657768
1464703124587 0.0799452066422 -0.805849671364 -2.7057197094
1464703124608 -0.132517620921 -0.368759781122 -2.10066747665
1464703124638 -0.180838733912 -0.123787455261 -1.96157133579
1464703124667 -0.207581043243 -0.32966452837 -2.17879056931
1464703124691 -0.148956567049 -0.611732244492 -2.00386166573
1464703124708 -0.0490208566189 -0.690475583076 -1.9008487463
1464703124737 0.0913443341851 -0.60306417942 -0.914032161236
1464703124758 -0.109667487442 -0.078734152019 -0.709575176239
1464703124778 -0.19755217433 0.130855679512 -0.657984614372
1464703124807 -0.676199197769 0.148945495486 1.40534758568
1464703124828 -0.467584341764 -0.15456341207 1.50370383263
1464703124848 -0.333383381367 -0.200216025114 1.52571105957
1464703124868 -0.316584527493 0.373034834862 1.41876351833
1464703124897 -0.16745968163 0.899717748165 1.33268415928
1464703124918 -0.0462432801723 0.572516381741 1.41639709473
1464703124938 0.0683257877827 0.627350568771 1.41552817822
1464703124959 0.230586946011 0.663506567478 1.41825437546
1464703124987 0.435133814812 0.305680453777 1.34938704967
1464703125010 0.283063352108 0.787377715111 1.10463964939
1464703125037 0.501214027405 0.00750745320693 1.17857956886
1464703125061 0.469475060701 -0.372081696987 1.00629913807
1464703125088 0.127913624048 -0.238694816828 0.833247900009
1464703125111 -0.129331171513 0.623540043831 0.685737609863
1464703125138 0.0659790039062 0.814850687981 0.544782459736
1464703125168 -0.138723269105 0.534161329269 0.405245631933
1464703125189 0.253032505512 0.0421652719378 0.242921367288
1464703125216 0.454190760851 0.187835633755 0.137398704886
1464703125238 0.133836656809 0.209157094359 0.0412096902728
1464703125258 0.0715983062983 0.188518628478 -0.0645141899586
1464703125280 0.122584618628 0.32021895051 -0.0637759119272
1464703125308 0.178851723671 0.627548396587 -0.0629805028439
1464703125330 0.433250933886 0.018947660923 -0.113953411579
1464703125358 0.733152806759 -0.48477974534 -0.226110771298
1464703125380 0.185106903315 0.0177314896137 -0.117033667862
1464703125398 0.127784237266 0.558939814568 -0.0961707010865
1464703125428 0.30837520957 -0.490694075823 -0.21370844543
1464703125451 0.0231514517218 -0.67165094614 -0.194439634681
1464703125478 -0.586256146431 0.182665243745 -0.0293572489172
1464703125508 -0.0388743579388 -0.80297511816 -0.216279491782
1464703125538 0.508660793304 -1.7739790678 2.56580305099
1464703125558 -1.55010414124 0.496378958225 -0.0279652364552
1464703125588 -2.120616436 1.62990677357 -0.0175378583372
1464703125618 -1.24097216129 0.12602506578 -0.0391179695725
1464703125638 0.0566225647926 -0.639643728733 -0.338892132044
1464703125668 -0.718831539154 0.0736363828182 -0.103070616722
1464703125688 -1.01402699947 0.610884070396 -0.0438947640359
1464703125718 -0.706543564796 -0.0799869969487 -0.0855000391603
1464703125738 -0.360455155373 -0.221699804068 -0.153536260128
1464703125758 0.0153181999922 -0.272772312164 -0.240751072764
1464703125778 0.0434239134192 -0.43753644824 -0.246563568711
1464703125808 -0.70129352808 -0.627181649208 -0.0673901438713
1464703125828 -1.15526235104 -0.574304819107 0.0299491435289
1464703125848 -1.19498121738 -0.274530529976 0.0672442391515
1464703125871 -0.865621447563 -0.20237377286 0.0279778111726
1464703125898 -0.575872480869 -0.160384371877 -0.0146439447999
1464703125920 -0.658146619797 0.00462632626295 0.0165899824351
1464703125938 -0.76619720459 -0.108997188509 0.0381306633353
1464703125968 -0.282570213079 -0.458664476871 -0.0785816460848
1464703125988 -0.151481553912 -0.309126526117 -0.0961670950055
1464703126018 -0.559205651283 0.124328911304 0.168774858117
1464703126038 -0.759700119495 0.52187615633 0.203710004687
1464703126068 -1.02403795719 -0.0840830355883 0.240771323442
1464703126092 -0.519143640995 -0.133595272899 0.145005524158
1464703126118 -0.385168910027 0.307616204023 0.128368392587
1464703126148 -0.422522246838 0.0917884930968 0.134895518422
1464703126168 -0.316762506962 -0.290507316589 0.088644489646
1464703126190 -0.28048491478 -0.332214564085 0.0743924379349
1464703126218 -0.417003810406 0.201029032469 0.133418396115
