1465980001193 186.572845 183.445328
1465980001233 180.106674 180.862061
1465980001263 176.474228 180.017044
1465980001293 168.916397 178.848709
1465980001333 159.535202 177.882874
1465980001373 151.776001 176.416534
1465980001403 143.287018 175.306488
1465980001473 126.504288 173.987885
1465980001553 111.569023 172.945984
1465980001583 107.343750 172.262299
1465980001593 98.778625 171.452621
1465980001633 93.352623 170.900711
1465980001663 85.189224 170.545090
1465980001693 80.041489 169.676575
1465980001733 74.809418 168.647720
1465980001763 70.344162 167.764725
1465980001793 65.956383 167.101685
1465980001833 60.683746 166.381439
1465980001903 51.505699 164.256943
1465980001973 44.688797 163.219925
1465980002053 40.648861 162.484787
1465980002063 39.250450 161.600845
1465980002113 38.621330 161.307419
1465980002133 37.101326 160.176041
1465980002163 36.727524 159.669083
1465980002203 36.629639 159.483521
1465980002233 36.595402 159.398972
1465980002263 36.534386 158.943649
1465980002303 36.491299 158.726120
1465980002353 36.105938 158.412842
1465980002423 35.712585 158.013702
1465980002473 35.834198 157.850891
1465980002553 36.657143 157.407272
1465980002563 37.040577 157.218338
1465980002603 37.451229 157.074799
1465980002633 38.045921 156.912109
1465980002673 43.597755 156.395981
1465980002703 47.818642 156.029663
1465980002733 55.274124 155.796066
1465980002763 61.874619 155.494476
1465980002803 68.275681 155.363815
1465980002863 84.345612 156.660965
1465980002933 97.882500 157.623840
1465980003003 105.672821 158.580490
1465980003003 112.156715 159.361099
1465980003033 121.817169 160.105331
1465980003063 132.539032 161.442719
1465980003103 141.380646 163.310486
1465980003143 152.266693 164.865479
