1465980001193 350.330841 181.876373
1465980001233 358.747437 183.352524
1465980001263 361.264069 183.273804
1465980001293 367.358154 181.904984
1465980001333 374.302216 180.805328
1465980001373 379.368561 179.214462
1465980001403 382.195770 179.108368
1465980001473 394.398865 178.486694
1465980001553 409.290771 176.574463
1465980001583 412.203827 175.759125
1465980001593 415.366089 175.533936
1465980001633 423.072479 174.482361
1465980001663 425.477295 174.005066
1465980001693 429.741150 173.255188
1465980001733 433.941376 171.568573
1465980001763 437.451202 170.721069
1465980001793 442.825470 170.107559
1465980001833 446.270905 170.131302
1465980001903 454.425812 169.039886
1465980001973 457.689575 168.577240
1465980002053 460.585693 167.801041
1465980002063 460.769287 167.779526
1465980002113 460.491180 167.796219
1465980002133 461.757660 167.390274
1465980002163 462.967987 166.965500
1465980002203 464.118896 166.356033
1465980002233 464.717438 165.967117
1465980002263 464.911865 165.853424
1465980002303 465.384766 165.634232
1465980002353 465.599121 165.501495
1465980002423 466.021576 165.271683
1465980002473 465.889740 164.993881
1465980002553 465.136108 164.450104
1465980002563 464.113007 164.083984
1465980002603 459.933014 163.915100
1465980002633 458.513672 163.895447
1465980002673 455.782104 163.557846
1465980002703 453.149719 162.579605
1465980002733 449.559784 162.608047
1465980002763 446.557556 162.576370
1465980002803 441.350708 163.581100
1465980002863 432.288177 165.170029
1465980002933 426.585144 166.109161
1465980003003 420.656555 166.937912
1465980003003 415.769104 167.344543
1465980003033 407.308044 168.631561
1465980003063 402.869324 168.989929
1465980003103 396.245667 168.645386
1465980003143 391.101135 169.059341
