1465137601506 407.181396 246.848480
1465137601526 407.117371 246.866623
1465137601596 408.123932 244.644470
1465137601646 408.656464 243.300995
1465137601666 408.839417 242.974228
1465137601696 408.997192 243.016785
1465137601726 409.352783 243.194641
1465137601766 409.746460 243.202606
1465137601796 411.062988 243.395569
1465137601836 411.066223 245.853622
1465137601866 413.410980 246.414612
1465137601896 418.837341 248.598831
1465137601966 434.735870 247.369766
1465137602016 448.976379 244.291595
1465137602036 456.232147 240.619644
1465137602066 470.825745 237.095047
1465137602096 482.483154 234.161621
1465137602136 495.557312 226.548889
1465137602166 508.271332 223.237732
1465137602196 519.901672 212.296570
1465137602226 526.396606 206.261566
1465137602266 530.664307 192.306152
1465137602346 523.174988 163.889374
1465137602376 524.307251 159.472382
1465137602396 529.338013 149.371246
1465137602436 533.673401 144.787704
1465137602466 531.887878 135.524979
1465137602506 536.015869 129.267624
1465137602536 537.218567 122.569542
1465137602586 537.948853 118.592262
1465137602606 541.208008 98.863693
1465137602666 540.900513 96.476097
1465137602716 553.557495 63.079590
1465137602756 553.438843 60.481369
1465137602766 551.093079 57.098965
1465137602806 547.230530 51.042179
1465137602836 543.732849 46.413605
1465137602866 542.093506 45.417679
1465137602896 540.183228 44.129478
1465137602936 539.345154 43.318207
1465137602976 539.463623 43.165054
1465137602996 539.915894 43.539017
1465137603076 544.361816 51.565849
1465137603106 547.729126 55.382050
1465137603136 551.951111 61.039310
1465137603166 558.913940 68.978378
1465137603196 552.097778 89.345970
1465137603236 542.944336 97.064407
1465137603266 540.594238 106.908745
1465137603296 538.467285 121.959946
1465137603336 537.371033 125.318771
1465137603376 534.450562 135.156586
1465137603446 537.109375 149.360611
1465137603466 526.798218 156.784653
