1465137601506 280.494965 228.265625
1465137601526 277.502075 228.622513
1465137601596 277.346649 228.550217
1465137601646 280.916016 229.432709
1465137601666 281.248779 229.029968
1465137601696 280.278320 228.724487
1465137601726 278.880554 229.133636
1465137601766 281.799957 230.076065
1465137601796 281.830505 230.013443
1465137601836 279.078125 230.893967
1465137601866 279.519409 230.853210
1465137601896 271.158813 228.110977
1465137601966 253.272034 220.061874
1465137602016 253.385635 207.979294
1465137602036 244.199081 216.803558
1465137602066 238.408356 214.063812
1465137602096 222.806519 212.735428
1465137602136 214.793671 210.854843
1465137602166 200.820084 207.778351
1465137602196 190.364609 200.647675
1465137602226 178.359970 190.063049
1465137602266 170.204254 182.366516
1465137602346 154.686966 162.803940
1465137602376 149.963074 151.709976
1465137602396 141.688232 139.952988
1465137602436 140.231308 130.861282
1465137602466 143.084122 119.518616
1465137602506 134.897125 101.408798
1465137602536 136.745224 93.838989
1465137602586 139.029541 81.289803
1465137602606 141.113892 72.257309
1465137602666 144.456299 64.208549
1465137602716 150.544128 51.368694
1465137602756 154.852478 46.064629
1465137602766 157.409393 36.973400
1465137602806 159.667786 37.584042
1465137602836 163.212830 35.234642
1465137602866 165.321075 27.400288
1465137602896 166.690948 27.668682
1465137602936 167.439346 27.764711
1465137602976 168.410583 28.184566
1465137602996 168.059082 27.937187
1465137603076 165.670959 29.692440
1465137603106 163.438446 42.365768
1465137603136 162.612747 43.310593
1465137603166 159.000977 52.137508
1465137603196 156.664124 55.631531
1465137603236 154.487640 63.117027
1465137603266 151.927917 72.879913
1465137603296 150.390778 82.915604
1465137603336 149.472778 93.798637
1465137603376 149.553345 101.757858
1465137603446 155.367401 130.625122
1465137603466 157.698212 137.579926
